-1.705308006169784516e-03
-1.563471500605766997e-03
-2.106838364235121322e-04
-1.654745407850499901e-03
-5.501612130928971132e-03
-9.860039797591558033e-03
1.736356108198305187e-02
-4.910127134150874678e-02
9.985941876029471587e-01
-8.258576352445723759e-03
7.232970476685257263e-04
-3.310440830815819524e-02
-5.700145338022767627e-02
-4.354441997454693708e-02
0.000000000000000000e+00
4.101040445395254253e-02
-5.460270216613368616e-02
-7.299547625609091595e-02
5.414188890864698317e-02
4.198287564272402961e-02
-7.254352369004835044e-02
-4.260617693737570044e-02
5.570197586978233029e-02
-5.981465488259084251e-02
