-2.046176429287254427e-03
-2.518270451543956167e-04
-6.557816716697655165e-04
-7.701346545598365722e-04
-3.006726811938990364e-03
-1.212449893438009114e-03
2.032185825124687914e-02
-3.055272248809299401e-02
9.993258143323617837e-01
-3.810378574376587640e-03
2.117756609135627507e-03
-2.016292913264172010e-02
-7.137056450657433548e-02
-9.530595349438227698e-03
0.000000000000000000e+00
8.441477752785964822e-03
-6.872086559466029920e-02
-6.553024695699427582e-02
6.862094527355873386e-02
9.146782744392812151e-03
-6.359462198709367464e-02
-9.320297998036115514e-03
6.961275008605692649e-02
-5.437042700808540630e-02
