-1.460678487030680085e-03
9.445259272558701640e-04
-2.715118229872077842e-04
2.795160571660794857e-04
-2.594516544187858240e-04
6.859695713478709996e-03
1.725678306965483522e-02
-3.222021127083415665e-03
9.998223675196817872e-01
-7.403471863540620423e-05
3.555788235933560063e-04
-1.609451454428934610e-03
-5.585577524375609504e-02
4.604934227035721583e-02
0.000000000000000000e+00
-4.492750154705835858e-02
-5.435831510889216345e-02
-5.544411934306548578e-02
5.416349788698258949e-02
-4.495254636183278196e-02
-5.313523259350708128e-02
4.469866525214413744e-02
5.440859873489847093e-02
-4.790586900732379805e-02
