5.973979366849677293e-03
-2.853773495994236555e-03
4.804266499629695000e-03
-1.225302545949813297e-03
-1.716622215336964172e-02
-1.995934984753643116e-02
-3.318790453925147405e-02
-1.053765087223914182e-01
9.936780055709379944e-01
-1.126970888037867081e-02
-2.636464709709028867e-02
-6.929859836876954560e-02
3.390448253572662246e-02
-5.877897241180286836e-02
0.000000000000000000e+00
5.757122213844069469e-02
3.453921036210885753e-02
-9.971695972630623128e-02
-3.307637620601126122e-02
5.474010094971372420e-02
-1.155480090628760864e-01
-5.866244095026091482e-02
-3.577660881308443452e-02
-7.799763108675848711e-02
