-1.356432303065575971e-03
-2.053902877703634410e-03
1.110440756379735890e-04
-1.931102843548774964e-03
-6.518589885872686819e-03
-1.306356592423803774e-02
1.480915457352894281e-02
-5.565319028708783089e-02
9.982548545321628941e-01
-9.920935425284514719e-03
-6.192418477242365949e-04
-3.761624489286834183e-02
-4.833862210843525159e-02
-5.279468029044664251e-02
0.000000000000000000e+00
4.989373487360062448e-02
-4.619389709862876947e-02
-7.570030596321912497e-02
4.556935819763172080e-02
5.081470376568952146e-02
-7.619969759937626763e-02
-5.173017707787373742e-02
4.724644149635103679e-02
-6.192245331471506881e-02
