-2.048387957322208523e-03
-3.603773343669511146e-04
-6.420892876174961019e-04
-8.514126109803258615e-04
-3.213590964114677526e-03
-1.932581748087453151e-03
2.027496781042523871e-02
-3.225793163768584521e-02
9.992720433668359492e-01
-4.172710870636949301e-03
2.113245320196922936e-03
-2.135486780882516963e-02
-7.079863468478767019e-02
-1.300921178373498285e-02
0.000000000000000000e+00
1.177254937355599190e-02
-6.813774282150539263e-02
-6.620309312613961716e-02
6.801743552403523296e-02
1.251986369717509109e-02
-6.434292400540193857e-02
-1.271290180345118793e-02
6.906675161842429356e-02
-5.483595260997767284e-02
