5.616811305188226452e-03
-3.011783034883845460e-03
4.615124736604413712e-03
-1.337266334149939638e-03
-1.685688888495641413e-02
-2.106573444041594245e-02
-3.052103379398243138e-02
-1.047535635076506100e-01
9.938065165116806154e-01
-1.191573203251381288e-02
-2.511813581704356799e-02
-6.893821989269702244e-02
3.327575494572530823e-02
-5.925117636501151669e-02
0.000000000000000000e+00
5.792439751890519212e-02
3.355231170433845000e-02
-9.930991084773582722e-02
-3.250635846898209530e-02
5.528576010098343319e-02
-1.141318784696084554e-01
-5.923179161621385663e-02
-3.484797764697019490e-02
-7.780337454239190376e-02
