-2.047827794495588136e-03
-3.973851060234162200e-04
-6.363524930375392573e-04
-8.787604937169328110e-04
-3.283720942011572434e-03
-2.177887571773313904e-03
2.025049116525409754e-02
-3.282792536833817332e-02
9.992534722127821567e-01
-4.296670891830033263e-03
2.107043437532270247e-03
-2.175348805449859799e-02
-7.057030630426382178e-02
-1.416099362198163653e-02
0.000000000000000000e+00
1.287533677351242016e-02
-6.790731667457074183e-02
-6.642872172054453683e-02
6.777949288896381597e-02
1.363617109809352884e-02
-6.459605537689205867e-02
-1.383663104947819265e-02
6.884804370849195720e-02
-5.499319285855535505e-02
