3.387744574041600537e-03
-3.418723634023870545e-03
3.384327658083085329e-03
-2.011008237309029525e-03
-1.388992181303186357e-02
-2.220766732168679911e-02
-1.672793204226271160e-02
-9.270128808405317389e-02
9.953057153404053503e-01
-1.363782345289577154e-02
-1.769052377227516015e-02
-6.172600369973739454e-02
1.443534532961853085e-02
-6.801583197630715893e-02
0.000000000000000000e+00
6.542361786711740901e-02
1.510715845948270436e-02
-9.228710605710489789e-02
-1.513321116717991112e-02
6.407709783526620295e-02
-1.035751827507341988e-01
-6.736798759413729909e-02
-1.540942181702463325e-02
-7.477970268792320796e-02
