-1.149861587533995916e-03
-2.272690191634015033e-03
2.880270782991219049e-04
-2.043088934108401936e-03
-7.010619496777096074e-03
-1.448708970461523929e-02
1.333658305880223820e-02
-5.865943761759821740e-02
9.980838292260791889e-01
-1.065357619105099414e-02
-1.406406524393360568e-03
-3.966771514239899460e-02
-4.390206435507384292e-02
-5.643271484317927827e-02
0.000000000000000000e+00
5.339958565208604430e-02
-4.189315142535584430e-02
-7.695407370844256634e-02
4.119846898429187221e-02
5.426315075737560972e-02
-7.797869036617180449e-02
-5.533533791669034002e-02
4.290155512370420754e-02
-6.291702145920198552e-02
