4.716359368263470003e-04
-3.231359968509084617e-03
1.517436083389742639e-03
-2.392212537035484556e-03
-9.896789046819464558e-03
-2.071031561199582552e-02
2.217532188508436648e-03
-7.451905137923633959e-02
9.970020443107342478e-01
-1.368558476715459570e-02
-7.441394796538462406e-03
-5.024869493436581042e-02
-1.732359829194435666e-02
-6.870444198487440923e-02
0.000000000000000000e+00
6.542695879755387744e-02
-1.609574870942623998e-02
-8.376160288919386188e-02
1.524236467160298113e-02
6.559196814316554935e-02
-8.858064434027967948e-02
-6.767689054324024789e-02
1.664452089196343659e-02
-6.840089215317313176e-02
