7.518525145521001360e-03
-1.884638126717226450e-03
5.512218326602016417e-03
-3.295267011126559037e-04
-1.956776300135291274e-02
-1.554559861994279056e-02
-4.226958259457372358e-02
-1.143349677662231639e-01
9.924208441466376707e-01
-7.941407613144914335e-03
-3.114179023373568264e-02
-7.443007259143910592e-02
4.536575973598944850e-02
-4.886091773442984704e-02
0.000000000000000000e+00
4.860401177022172226e-02
4.592669011575754162e-02
-1.052294325636573269e-01
-4.335811873106085873e-02
4.504642181164066755e-02
-1.229874965664428249e-01
-4.899515205766789144e-02
-4.790030576834260895e-02
-7.999962740200594613e-02
