-1.610842236514900680e-03
8.156193594196690065e-04
-4.077044963632272655e-04
1.435242924267864973e-04
-6.650830671182276577e-04
5.960267398539017755e-03
1.814150599413707696e-02
-7.987117900242471022e-03
9.997857605109458090e-01
-4.347660131774186334e-04
8.017898879076367554e-04
-4.714577581007762044e-03
-6.198546970577333004e-02
3.722162200264164666e-02
0.000000000000000000e+00
-3.642881390460105812e-02
-6.016568622075952472e-02
-5.707167762005224687e-02
6.003686532859675573e-02
-3.634382053684136193e-02
-5.477588747846805911e-02
3.613850260712288265e-02
6.037604052503989238e-02
-4.890045278130478179e-02
