-6.231080240733531043e-05
-3.016556150425230530e-03
1.135462520246490479e-03
-2.345793231684617768e-03
-9.064014506758557438e-03
-1.930741829144207861e-02
5.822874106245402685e-03
-7.023593905775232793e-02
9.973265416104885039e-01
-1.304976565007905272e-02
-5.479953994895649452e-03
-4.742983342379804290e-02
-2.490340305440238641e-02
-6.656376185279833102e-02
0.000000000000000000e+00
6.326940474873370135e-02
-2.346913434004357923e-02
-8.187850169227982311e-02
2.260560266706186650e-02
6.369320898502509043e-02
-8.548756603307459956e-02
-6.547966793266545016e-02
2.417900606267400429e-02
-6.687601067297019308e-02
