2.470639447960021242e-03
-3.507536434451069638e-03
2.831438172488207235e-03
-2.222306813287149713e-03
-1.269627756685605575e-02
-2.261657582037638822e-02
-1.087272048040288999e-02
-8.764541877181787621e-02
9.958356064209740177e-01
-1.416266544211697113e-02
-1.454989334953707587e-02
-5.860954461375494223e-02
5.865393341503319542e-03
-6.973139370435346707e-02
0.000000000000000000e+00
6.684912769705883551e-02
6.613283728358728547e-03
-8.980065124016428646e-02
-7.027963258312988105e-03
6.597842276576885989e-02
-9.908148870539043584e-02
-6.896817483568226659e-02
-6.657162111265658468e-03
-7.302531632157140129e-02
