5.056520687209851636e-03
-2.994519769618295482e-03
4.316315308040048586e-03
-1.428068784518066615e-03
-1.618979616222831347e-02
-2.040982209796679200e-02
-2.681642739300003908e-02
-1.022296597159640802e-01
9.941898284825505527e-01
-1.192029130244675814e-02
-2.317996115890199813e-02
-6.744544266418757428e-02
2.961340502815901568e-02
-6.172473380297530121e-02
0.000000000000000000e+00
5.986144335412437595e-02
3.000453499873761976e-02
-9.739910288915347436e-02
-2.922415525559897073e-02
5.768390539429072567e-02
-1.116893077497177339e-01
-6.141140785457945006e-02
-3.095841991337498073e-02
-7.770557988644546943e-02
