8.123990274927980217e-05
-3.081649860630017446e-03
1.240111891545157699e-03
-2.363012559858947235e-03
-9.298188223191687987e-03
-1.972910902398620353e-02
4.852197850914951281e-03
-7.146826736487918441e-02
9.972359325620981929e-01
-1.324655257989480750e-02
-6.009362228627791042e-03
-4.824155483786691373e-02
-2.275887019334872988e-02
-6.726632813109267861e-02
0.000000000000000000e+00
6.396874889709930345e-02
-2.138595704450121232e-02
-8.241485486878508127e-02
2.051954850886053908e-02
6.432508974259745771e-02
-8.635197198646217542e-02
-6.619547742045661654e-02
2.205293987897386648e-02
-6.730562331717028501e-02
