2.692452314453886667e-03
-3.497149539172367955e-03
2.967714977854039263e-03
-2.177877938215093227e-03
-1.298758316056460721e-02
-2.258177407742401749e-02
-1.229653331589645147e-02
-8.890696473412877665e-02
9.957079945293657586e-01
-1.407301246752628784e-02
-1.531644943255065609e-02
-5.939272331260215393e-02
8.035826060289059589e-03
-6.940888852710931645e-02
0.000000000000000000e+00
6.659227736005311760e-02
8.757656368208643211e-03
-9.041025512341596682e-02
-9.088565654593407095e-03
6.560567573668235619e-02
-1.001779317515022333e-01
-6.867469273714955913e-02
-8.865031683418487379e-03
-7.346636650854471151e-02
