4.702034399247614904e-03
-3.102394898254985656e-03
4.132235542130459176e-03
-1.607663347515236700e-03
-1.552514819154616685e-02
-2.050039180471192532e-02
-2.510406429265667552e-02
-9.904162859612244962e-02
9.945553155540776125e-01
-1.225206371939972089e-02
-2.207703300711280625e-02
-6.555008200992769318e-02
2.451701162749798588e-02
-6.433711396379580838e-02
0.000000000000000000e+00
6.223293368828977656e-02
2.529540411168697267e-02
-9.562325421396614122e-02
-2.453948180498689846e-02
6.021472272899860978e-02
-1.098719352867409405e-01
-6.380426408116481041e-02
-2.591150755417513316e-02
-7.692673646878021854e-02
