-1.317615455409996668e-03
-2.098040690794880300e-03
1.448932120974989301e-04
-1.954310762313807900e-03
-6.615467794427822013e-03
-1.335102671728232576e-02
1.453073330964788773e-02
-5.625305672938127333e-02
9.982215192449415131e-01
-1.006932838217038106e-02
-7.675361578996873352e-04
-3.802662425401127921e-02
-4.747427791290292215e-02
-5.355221598381937342e-02
0.000000000000000000e+00
5.062295928601894673e-02
-4.535584645668164216e-02
-7.594979931086756619e-02
4.471687291166129979e-02
5.153425010860630817e-02
-7.654939342795817614e-02
-5.247989856239390627e-02
4.640072139545208668e-02
-6.211961337820269546e-02
