-1.270613971154880715e-04
-2.985628657395973315e-03
1.086940651817255767e-03
-2.337299898101008640e-03
-8.945717366984710581e-03
-1.911666527624332826e-02
6.251557976510438083e-03
-6.958358281589650807e-02
9.973733484177755848e-01
-1.295785603383887291e-02
-5.241828521245714585e-03
-4.700960180557865048e-02
-2.596773743711932453e-02
-6.618486430133528609e-02
0.000000000000000000e+00
6.289966456147136342e-02
-2.449977007148669214e-02
-8.160168316205433647e-02
2.364019339241716852e-02
6.335160309401596801e-02
-8.506069886421938064e-02
-6.509693416620486450e-02
2.522786011426401270e-02
-6.667300303773908421e-02
