-1.939975650728011005e-03
2.875781770554807675e-04
-6.419109556068384364e-04
-3.397344922421956367e-04
-1.930398629367182121e-03
2.382935883364629796e-03
1.994361851498580029e-02
-2.102724966819771724e-02
9.995771248225401306e-01
-2.048476634687152256e-03
1.812681607623543509e-03
-1.354154503264766614e-02
-7.135241332116594448e-02
1.046506591521402171e-02
0.000000000000000000e+00
-1.072320331416239288e-02
-6.890160706911847843e-02
-6.184211077137819618e-02
6.885549598542829719e-02
-1.028028812860801687e-02
-5.964308754781513788e-02
1.014953970796232674e-02
6.953821154347523958e-02
-5.190539895091127176e-02
