-1.578150480083301190e-03
8.473924705558662793e-04
-3.793426971593546202e-04
1.759801613180398783e-04
-5.718898911140041057e-04
6.180101089757592328e-03
1.795115488328202086e-02
-6.922303174386337278e-03
9.997958012052453602e-01
-3.440000166383597570e-04
7.036221314895538302e-04
-4.013703296457288815e-03
-6.073841629531398500e-02
3.925784349189725964e-02
0.000000000000000000e+00
-3.838833014822805312e-02
-5.898677838342808455e-02
-5.670162084195380647e-02
5.884454969344467268e-02
-3.832926978877613383e-02
-5.440308732846431405e-02
3.811367780826455803e-02
5.916115706125204404e-02
-4.867349401247585833e-02
