7.047367252449468142e-03
-2.235462916030762220e-03
5.305146959418367836e-03
-6.269299646992763280e-04
-1.883520917834267949e-02
-1.724391526982594833e-02
-3.942960273934471849e-02
-1.117740358457733896e-01
9.928013490747946701e-01
-9.139983893572430421e-03
-2.969489020989996009e-02
-7.298243938016758803e-02
4.238625769893392820e-02
-5.192450799959617141e-02
0.000000000000000000e+00
5.138044928993380084e-02
4.288115959711055747e-02
-1.036043299114734056e-01
-4.072211280641356568e-02
4.803536509541502658e-02
-1.206856156750653886e-01
-5.202573836261130402e-02
-4.466833223934519453e-02
-7.943537486191669383e-02
