-1.494626409465630440e-03
9.189723222757578344e-04
-3.036121810569142321e-04
2.515413201810075034e-04
-3.465762713750349892e-04
6.679556999430875421e-03
1.745904506594010697e-02
-4.275029364206873496e-03
9.998161277893111709e-01
-1.438117814112403021e-04
4.553771044684506281e-04
-2.288405283243293703e-03
-5.733100705526864016e-02
4.416531617607589999e-02
0.000000000000000000e+00
-4.311292936122394087e-02
-5.575854838308160616e-02
-5.579727135653377024e-02
5.557957529752619724e-02
-4.311504569851684621e-02
-5.349167209268146372e-02
4.287239474290648056e-02
5.584393027827933009e-02
-4.812100363639842948e-02
