-1.858056098926550402e-03
-1.254316114128754735e-03
-3.681333523144313525e-04
-1.464774886514237304e-03
-4.899064305622061362e-03
-7.832036639910772494e-03
1.853385260491380998e-02
-4.497741901861480179e-02
9.987853559639899848e-01
-7.204008378365557227e-03
1.319644914258833596e-03
-3.024154289427358200e-02
-6.161721830949466738e-02
-3.687108291122661446e-02
0.000000000000000000e+00
3.461582887202843684e-02
-5.909654849139086424e-02
-7.131072744503536009e-02
5.873653140765962982e-02
3.557443584521452484e-02
-7.038650023806322653e-02
-3.605008115029082610e-02
6.019098880938072993e-02
-5.853428950583228901e-02
