-2.046594952665043311e-03
-4.347944660592470336e-04
-6.300181576023733019e-04
-9.062223249622950675e-04
-3.354444302092438133e-03
-2.425752435458112480e-03
2.022143570686239095e-02
-3.339871110440181118e-02
9.992345747419071333e-01
-4.422180294820859947e-03
2.098393605762849650e-03
-2.215273197974764602e-02
-7.032326158182311548e-02
-1.530837951357228929e-02
0.000000000000000000e+00
1.397385317120684346e-02
-6.765899232048670775e-02
-6.665501127597717179e-02
6.752329561575853845e-02
1.474794075547908659e-02
-6.485107416543056669e-02
-1.495629274775080522e-02
6.861109431220108190e-02
-5.515146775625462405e-02
