-2.030370501169503992e-03
-7.948860643346326925e-05
-6.672853414752874914e-04
-6.376858220924470997e-04
-2.673501583994273081e-03
-6.712153167718603870e-05
2.031708664722865071e-02
-2.772672957757778278e-02
9.994090453622084258e-01
-3.239608925433389800e-03
2.081820198455942503e-03
-1.819052754956761511e-02
-7.194316623470314864e-02
-3.674137395370713662e-03
0.000000000000000000e+00
2.831699975153541705e-03
-6.932834427541061106e-02
-6.442277943341408186e-02
6.925510902776266242e-02
3.463038273907912724e-03
-6.238308078231539350e-02
-3.612672635829085929e-03
7.015233639502124752e-02
-5.361509904131001036e-02
