-2.017905225421121398e-03
-7.072899872865853277e-04
-5.683957256013635754e-04
-1.100905543678215408e-03
-3.866417832789555229e-03
-4.228278760621611079e-03
1.988193866491598863e-02
-3.741621239155482753e-02
9.990930173031523642e-01
-5.341634465242618354e-03
1.964287365733957333e-03
-2.496340755359478455e-02
-6.807754439232717447e-02
-2.319128532117377406e-02
0.000000000000000000e+00
2.151979505496490544e-02
-6.542720224516830607e-02
-6.825698675723032571e-02
6.522672243547164572e-02
2.237787852800039376e-02
-6.669108503045909075e-02
-2.265526920293054608e-02
6.644857678505593224e-02
-5.628842196930037428e-02
