3.744699341429222773e-03
-3.351520419532043847e-03
3.592305188270656074e-03
-1.908072131274254511e-03
-1.435368481341889671e-02
-2.187000011256359788e-02
-1.897102447343994996e-02
-9.460349300523809846e-02
9.950939565873730963e-01
-1.332779769620513408e-02
-1.888996181054693191e-02
-6.288318678530886718e-02
1.756454248792849518e-02
-6.708209591079049294e-02
0.000000000000000000e+00
6.461485049296164518e-02
1.822005899813623070e-02
-9.325269970232073768e-02
-1.806921528441435970e-02
6.308800777484786793e-02
-1.053079053675997634e-01
-6.647858400452294481e-02
-1.862416380160769949e-02
-7.542698541572830095e-02
