6.816117428568749075e-03
-2.390532106295178722e-03
5.200503523548661439e-03
-7.643565333956126159e-04
-1.848086237189696182e-02
-1.797874072759272565e-02
-3.804663941196480964e-02
-1.104939892034050575e-01
9.929855469548505287e-01
-9.673687427664907218e-03
-2.897918326393793612e-02
-7.225314711784389110e-02
4.080903329562885623e-02
-5.338795265658410893e-02
0.000000000000000000e+00
5.270458923210637192e-02
4.129113978843582805e-02
-1.028096876825949080e-01
-3.931370008728934246e-02
4.946660329740128204e-02
-1.195762961017532711e-01
-5.346352971143675942e-02
-4.297974421972192149e-02
-7.914625694996617333e-02
