-1.394023861231627557e-03
-2.009620538972975781e-03
7.796729972628230741e-05
-1.907522771461124186e-03
-6.422465757546708988e-03
-1.277502094933047512e-02
1.507964922205625065e-02
-5.505402099099847985e-02
9.982877630181622441e-01
-9.771796914858790414e-03
-4.754510088833717929e-04
-3.720585162757558684e-02
-4.919097126819567400e-02
-5.202255845287917513e-02
0.000000000000000000e+00
4.915082686403497020e-02
-4.702042698982687730e-02
-7.545142921121099355e-02
4.641047447493189954e-02
5.008059643368896474e-02
-7.585299091239695868e-02
-5.096648787470522968e-02
4.808006337375868300e-02
-6.172618929203912280e-02
