-2.034645920726683120e-03
-5.883064505404439568e-04
-5.985732887969578411e-04
-1.017035995133035121e-03
-3.643341532008538813e-03
-3.441840833952197927e-03
2.005754678215345213e-02
-3.568973282396932512e-02
9.991556893296005271e-01
-4.939141066790527293e-03
2.038121730388051198e-03
-2.375558749946361792e-02
-6.914966524874865961e-02
-1.984781806455831327e-02
0.000000000000000000e+00
1.831944750095136631e-02
-6.648845946448710131e-02
-6.756664234670055336e-02
6.631777335609172208e-02
1.914357133388416496e-02
-6.589050262319912088e-02
-1.938834522025475668e-02
6.748245106541542193e-02
-5.579493100181657367e-02
