-1.974005333816194335e-03
-9.122138169082678535e-04
-5.050423209223320374e-04
-1.241350567958684863e-03
-4.250699151114868159e-03
-5.580567963258316680e-03
1.948133939883548923e-02
-4.030914660472807026e-02
9.989817352566729980e-01
-6.037619325258684715e-03
1.781921085809274729e-03
-2.698586052312963030e-02
-6.593430825120411010e-02
-2.862352136576040706e-02
0.000000000000000000e+00
2.671941032258350404e-02
-6.331820364167309312e-02
-6.941974138822550044e-02
6.306176961581393126e-02
2.762600551327779042e-02
-6.806745762482327433e-02
-2.796839468553717623e-02
6.437686151034845150e-02
-5.713163589367085959e-02
