-1.984454407538579351e-03
-8.706135101589170715e-04
-5.190466736519602818e-04
-1.213243741865092712e-03
-4.172576837643858678e-03
-5.306268719708902987e-03
1.957269074652017229e-02
-3.972902349319094861e-02
9.990046836634414174e-01
-5.896100642775576293e-03
1.824602210879858752e-03
-2.658050846432347125e-02
-6.639799228859502578e-02
-2.755245737805390657e-02
0.000000000000000000e+00
2.569418447159016461e-02
-6.377344362349376961e-02
-6.918599392822857852e-02
6.352879672945535572e-02
2.659196264239350321e-02
-6.778785324206340612e-02
-2.692025914646435300e-02
6.482551796781031717e-02
-5.696092421027003361e-02
