5.947453969900119534e-03
-2.876980230218231533e-03
4.784021446695475160e-03
-1.212877581984897349e-03
-1.723836685053857856e-02
-2.035226391298458962e-02
-3.273496625435404900e-02
-1.060148195713560282e-01
9.936171623765338579e-01
-1.140490076211590764e-02
-2.622871657756952954e-02
-6.967451949822087154e-02
3.496485462429620161e-02
-5.806305152079238585e-02
0.000000000000000000e+00
5.690569376053049994e-02
3.535503787251921548e-02
-1.001099629442148420e-01
-3.404141073085473895e-02
5.408730324738932754e-02
-1.155015160094564064e-01
-5.805436214268494544e-02
-3.672539845494357524e-02
-7.807299162044852026e-02
