7.748358099015044756e-03
-1.696355028613808890e-03
5.609021860656162282e-03
-1.740749543888934364e-04
-1.994068132948251595e-02
-1.463898795379332471e-02
-4.365577732428301688e-02
-1.156144683189311989e-01
9.922263692591686279e-01
-7.306121528458246403e-03
-3.184157245791718882e-02
-7.514799434660941746e-02
4.677724304459551091e-02
-4.725823173529727222e-02
0.000000000000000000e+00
4.715075465293283585e-02
4.737467440865334584e-02
-1.060677075842523798e-01
-4.459509188273775432e-02
4.349035440558120247e-02
-1.241344652286796718e-01
-4.740649602967761389e-02
-4.944285035905119502e-02
-8.026217601738626362e-02
