6.155102965461372276e-03
-2.770528428961970512e-03
4.890389871587409211e-03
-1.128672969053079586e-03
-1.746551400543474436e-02
-1.969148418048230140e-02
-3.417073720953013594e-02
-1.066525542015620831e-01
9.935138845791787743e-01
-1.099424923522520151e-02
-2.692459339449151251e-02
-7.004242277452149557e-02
3.573699796131706713e-02
-5.749029338030913622e-02
0.000000000000000000e+00
5.640967222526738212e-02
3.627289242083893417e-02
-1.004828206625765080e-01
-3.474169402763023495e-02
5.348869123193936842e-02
-1.164001213321539524e-01
-5.744673223650767491e-02
-3.764400397310831148e-02
-7.826452384524958117e-02
