-1.511501725792124048e-03
9.055421183256162979e-04
-3.192863804395796928e-04
2.370704029624752962e-04
-3.907753903629457965e-04
6.585318490152300419e-03
1.755911442048445348e-02
-4.802797490680623879e-03
9.998126045501801729e-01
-1.808686783097374973e-04
5.052268293958434584e-04
-2.630313829706367422e-03
-5.804492647061803429e-02
4.320584548730379421e-02
0.000000000000000000e+00
-4.218899011618224698e-02
-5.643566242653518666e-02
-5.597571341804701700e-02
5.626437948204567052e-02
-4.217930479555476869e-02
-5.367162419850073779e-02
4.194219512334410732e-02
5.653871205889877960e-02
-4.822981749395353901e-02
