5.698765483625342632e-03
-2.827037905622456927e-03
4.673319895678141461e-03
-1.308448097031205586e-03
-1.666084158580202063e-02
-1.903040135551266332e-02
-3.174454578674519578e-02
-1.028505003245558519e-01
9.940079990724571823e-01
-1.109397825976274170e-02
-2.542159017834698040e-02
-6.780288563053883666e-02
2.998141340193157325e-02
-6.135544136381186620e-02
0.000000000000000000e+00
5.974437247233035930e-02
3.107033543919523327e-02
-9.799945205976483276e-02
-2.953155586114167286e-02
5.715301790589538689e-02
-1.144320409559447804e-01
-6.090370516179545446e-02
-3.188520527193503679e-02
-7.789494784202301292e-02
