-1.465579681512976318e-03
-1.920709950565638834e-03
1.412608679738056895e-05
-1.859311143145418255e-03
-6.232458904203391596e-03
-1.219524618389340558e-02
1.559711519179350463e-02
-5.385778491524261663e-02
9.983523150532740420e-01
-9.471644618822544839e-03
-2.012357437857843399e-04
-3.638508172470043128e-02
-5.085868784735647630e-02
-5.043534732439457213e-02
0.000000000000000000e+00
4.762467919768918756e-02
-4.863800322500902440e-02
-7.495550208338226661e-02
4.805758137961407134e-02
4.856946896991508333e-02
-7.516842077885968476e-02
-4.939799123289227711e-02
4.971009743971801370e-02
-6.133638515372947381e-02
