8.075182378364275868e-03
-1.405504033042556883e-03
5.740170095056741292e-03
6.314915929321048655e-05
-2.049554951821146859e-02
-1.327237718169324218e-02
-4.560690266728542608e-02
-1.175438219395809614e-01
9.919310985934858271e-01
-6.342272960750607036e-03
-3.282286339212438231e-02
-7.622375877532951149e-02
4.880523254427365093e-02
-4.476064251681236006e-02
0.000000000000000000e+00
4.488343608438691290e-02
4.943932418837140158e-02
-1.073392380720333411e-01
-4.635915216356929075e-02
4.107807093882382549e-02
-1.257831160230677703e-01
-4.493265072114726449e-02
-5.165775480980906720e-02
-8.064287035359599121e-02
