3.640965535986005058e-03
-3.374448590906747088e-03
3.532214172931532909e-03
-1.942820320130536496e-03
-1.420512275812985982e-02
-2.197191870253596691e-02
-1.835267469982481900e-02
-9.396250808591079251e-02
9.951640373295734809e-01
-1.342461930406196186e-02
-1.854700517447823924e-02
-6.249496195368874074e-02
1.651181557579754766e-02
-6.741313368468314360e-02
0.000000000000000000e+00
6.491009662178293116e-02
1.719160489662234850e-02
-9.292679335873599289e-02
-1.708429932269205087e-02
6.343124752562430413e-02
-1.047935648730936309e-01
-6.679022296549855242e-02
-1.755622893763058093e-02
-7.522349124525215536e-02
