2.919324144210027651e-03
-3.479089936778168805e-03
3.105386045851827020e-03
-2.127938178057967901e-03
-1.328356322369341445e-02
-2.250293319212835069e-02
-1.374764418435859940e-02
-9.017018800022613689e-02
9.955771981484583533e-01
-1.395616830320717261e-02
-1.609589773534651075e-02
-6.017325068357826795e-02
1.018925679338994646e-02
-6.901499104121852635e-02
0.000000000000000000e+00
6.626865381058431870e-02
1.088954602037806724e-02
-9.102755213766940134e-02
-1.112797774564067144e-02
6.516395735112552601e-02
-1.012922653002850393e-01
-6.830981126076382526e-02
-1.106121257702632685e-02
-7.390605479931068589e-02
