4.951771634997746870e-03
-3.010495099071866347e-03
4.265014510303237298e-03
-1.484779280910199922e-03
-1.594714579765355369e-02
-2.021110972715996559e-02
-2.640602329675504137e-02
-1.009512473375780844e-01
9.943354960164275669e-01
-1.193941292008015090e-02
-2.285753211772743182e-02
-6.668700700229636402e-02
2.756077947928054980e-02
-6.284884309225176324e-02
0.000000000000000000e+00
6.087435198654617824e-02
2.816937057699966593e-02
-9.666511375413668061e-02
-2.734216027815767475e-02
5.875245953590454290e-02
-1.111394576839797727e-01
-6.241707116197692251e-02
-2.895635139967474639e-02
-7.745135970461937414e-02
