-1.720697073170093881e-03
6.898944992422964074e-04
-4.973975785720310050e-04
2.007409127244143239e-05
-1.005534513987436799e-03
5.098077194519612561e-03
1.877038764766449444e-02
-1.174053740484395404e-02
9.997418876579696745e-01
-8.030750453521059594e-04
1.135439541048813197e-03
-7.213161977490811436e-03
-6.580582558886818867e-02
2.980696052203653246e-02
0.000000000000000000e+00
-2.929750439426943853e-02
-6.376478375060593007e-02
-5.840241260654836786e-02
6.367609869159908398e-02
-2.911585693767096764e-02
-5.611871520032107180e-02
2.894297039876331940e-02
6.410180818174930628e-02
-4.972235996932044405e-02
