-2.624209316599994445e-04
-2.915837218637790714e-03
9.864010185411001101e-04
-2.315327620044220231e-03
-8.716986755154134889e-03
-1.866524406770257716e-02
7.172965112509406202e-03
-6.835584694154434038e-02
9.974605934192547485e-01
-1.274186468971423222e-02
-4.739969187843051136e-03
-4.619639587959976229e-02
-2.808012673381592508e-02
-6.537523480895249262e-02
0.000000000000000000e+00
6.210033271714610059e-02
-2.655049437342192620e-02
-8.107117713080046195e-02
2.569894937006264590e-02
6.261382571646029183e-02
-8.421771196208939492e-02
-6.427727515320250107e-02
2.731827888593621467e-02
-6.624632199869774640e-02
