-2.000923084947790493e-03
8.163065297412074029e-05
-6.653939558479981002e-04
-5.097656880044760044e-04
-2.354349322478715111e-03
1.006248454771973720e-03
2.021848203105960570e-02
-2.492096083705135773e-02
9.994844401787179589e-01
-2.712043772681172003e-03
1.997813484103756407e-03
-1.623781885500152206e-02
-7.203519431722210653e-02
2.221470625259795023e-03
0.000000000000000000e+00
-2.818166523893818505e-03
-6.947519859708899126e-02
-6.333368310333781226e-02
6.941951521549091786e-02
-2.264219469345703402e-03
-6.121377735386150654e-02
2.128547851289811377e-03
7.022477110175510961e-02
-5.288521067241735985e-02
