-1.564032825076497931e-03
-1.786796166871375876e-03
-7.587891974612509386e-05
-1.784603830450432436e-03
-5.952978973721554171e-03
-1.132093423119930747e-02
1.631551856695246175e-02
-5.206872807418394533e-02
9.984460365281444538e-01
-9.018041523303696461e-03
1.772488066577887099e-04
-3.515418993613773219e-02
-5.326416063682089252e-02
-4.795018798540258420e-02
0.000000000000000000e+00
4.523742815387512411e-02
-5.097227900921710853e-02
-7.421610099514443226e-02
5.043669979925762686e-02
4.619849582895222545e-02
-7.416320936255282881e-02
-4.694549306779199904e-02
5.205877623437778212e-02
-6.075861417797184805e-02
