2.305005355854092665e-04
-3.143266717007207542e-03
1.347556342584049641e-03
-2.376856202984464848e-03
-9.536000901312124967e-03
-2.012874914293708711e-02
3.846888264001396829e-03
-7.270304673876612500e-02
9.971430699270420472e-01
-1.342921137008197194e-02
-6.557834260571231491e-03
-4.905186257449896392e-02
-2.059607086937731077e-02
-6.789667298108377491e-02
0.000000000000000000e+00
6.460078272576248726e-02
-1.928376320334090899e-02
-8.295508912414846503e-02
1.841844456637794364e-02
6.488559207999777811e-02
-8.723144692406958889e-02
-6.684104886598045414e-02
1.990583955464939048e-02
-6.773725804128979955e-02
