8.044409035328787400e-04
-3.329880711805604382e-03
1.748290405628110528e-03
-2.397438169734780484e-03
-1.039465804047016301e-02
-2.135280973151179595e-02
2.599095808602875979e-06
-7.700166995966428729e-02
9.968022874839510550e-01
-1.395204343231149641e-02
-8.649725642918005761e-03
-5.185888530110999151e-02
-1.291862699009516981e-02
-6.952604818565427669e-02
0.000000000000000000e+00
6.628161751924768752e-02
-1.180412922476263386e-02
-8.486741832808943065e-02
1.098098361640769717e-02
6.627966616201338979e-02
-9.043604165228270875e-02
-6.853937346252644836e-02
1.225230697320210151e-02
-6.927408593134898318e-02
