-8.065525636466052859e-04
-2.567262465336993607e-03
5.682724700044902797e-04
-2.180204815672259159e-03
-7.732371302368168733e-03
-1.639831679260534900e-02
1.092894624435326520e-02
-6.289677938136425950e-02
9.978254599296459970e-01
-1.162499434165604334e-02
-2.704577234888823779e-03
-4.253582091533274906e-02
-3.724946532101713892e-02
-6.087057264020057784e-02
0.000000000000000000e+00
5.769425210263976617e-02
-3.544559932617644821e-02
-7.873708784652772019e-02
3.466550142151273578e-02
5.843797515364056172e-02
-8.060223050635172137e-02
-5.975307657112709919e-02
3.636789448192227769e-02
-6.434458142690592519e-02
