-1.875833323371940481e-03
-1.210766519023785378e-03
-3.877138810536703752e-04
-1.437096618446267408e-03
-4.815708245093027612e-03
-7.545847691678641070e-03
1.867420917977385963e-02
-4.439125438060657208e-02
9.988111686543360568e-01
-7.055380473713489427e-03
1.389708886678458436e-03
-2.983348737480269811e-02
-6.221441901675573566e-02
-3.587390345264774433e-02
0.000000000000000000e+00
3.366083597616957579e-02
-5.967917427270941211e-02
-7.107233480669353232e-02
5.933290594645771604e-02
3.461489763340251657e-02
-7.008836550098818119e-02
-3.507184804206710249e-02
6.077084878188269979e-02
-5.835538811695109573e-02
