-6.393614623234571527e-04
-2.687376821960016111e-03
6.998860813822034262e-04
-2.230619222041293429e-03
-8.053867091359931049e-03
-1.717602660599202441e-02
9.770241402859907581e-03
-6.472276850703249929e-02
9.977076173557787309e-01
-1.201421105114440849e-02
-3.332566696410852510e-03
-4.376257281595792581e-02
-3.426135316000705061e-02
-6.252656637173178988e-02
0.000000000000000000e+00
5.930494590624149631e-02
-3.254892904299076101e-02
-7.951189406362069167e-02
3.173902808521788382e-02
5.998255385659126415e-02
-8.177641446774655543e-02
-6.140951534888314245e-02
3.342573665948771894e-02
-6.496804595880927014e-02
