1.444605370399537278e-03
-3.456346071963158420e-03
2.177671345501077781e-03
-2.367365699138635621e-03
-1.130679996691245394e-02
-2.218824892493433468e-02
-4.224952054706716288e-03
-8.136540718094557867e-02
9.964283726912133154e-01
-1.423485483233750439e-02
-1.094773851864379484e-02
-5.465691104512536425e-02
-5.158241446490050702e-03
-7.025279590866198576e-02
0.000000000000000000e+00
6.711603332100996022e-02
-4.218284576763710672e-03
-8.685473727762864360e-02
3.505931501635885933e-03
6.678123445716989404e-02
-9.387212415621529193e-02
-6.934982111157063367e-02
4.476757152757001972e-03
-7.081244185162924309e-02
