5.322752687769671115e-03
-2.904779062852039673e-03
4.471072576328414226e-03
-1.400387920328233877e-03
-1.625818059277784125e-02
-1.940392486654658050e-02
-2.913961216021587752e-02
-1.015830753734688063e-01
9.942108677240425463e-01
-1.144013400212840967e-02
-2.412678067349990213e-02
-6.705575067479886686e-02
2.824334048574339215e-02
-6.242405565985854887e-02
0.000000000000000000e+00
6.058578348563785354e-02
2.918836463067072881e-02
-9.711232685570524159e-02
-2.796065735683253214e-02
5.824135996314127456e-02
-1.127873488291038923e-01
-6.192559584602216199e-02
-2.992107892675840292e-02
-7.769759157173133923e-02
