-1.896325437932923135e-03
3.947547288942408988e-04
-6.184013072054603743e-04
-2.479230720273438784e-04
-1.699738507969078376e-03
3.102097937551408745e-03
1.972468260349338059e-02
-1.882043980174807549e-02
9.996234815820635999e-01
-1.709076420976458682e-03
1.677730797329352605e-03
-1.202268495672655091e-02
-7.053829657731384983e-02
1.513275320030415920e-02
0.000000000000000000e+00
-1.520206701839017273e-02
-6.816617931592999780e-02
-6.100839055675050943e-02
6.811801865570106529e-02
-1.482263571095435162e-02
-5.877824544518164829e-02
1.468805465517502781e-02
6.873469088615216660e-02
-5.136710174209762475e-02
