-2.001351588473030893e-04
-2.948282309434064295e-03
1.033684336493159500e-03
-2.325373093612497465e-03
-8.833441172484159803e-03
-1.886550370573361612e-02
6.758445667488264391e-03
-6.900608720210824054e-02
9.974149468055628631e-01
-1.283991920823103136e-02
-4.969910836481888222e-03
-4.661679321506584373e-02
-2.702723962040538136e-02
-6.578955223716329015e-02
0.000000000000000000e+00
6.250331635809858177e-02
-2.553108267869267159e-02
-8.134587485485678116e-02
2.467409776277276062e-02
6.299044901250049067e-02
-8.463809740273067761e-02
-6.469429077442989673e-02
2.628175539863323446e-02
-6.644859831066945999e-02
