3.892531061912724369e-03
-3.321970361258063005e-03
3.677255589237462142e-03
-1.869211715494668250e-03
-1.452408777870928952e-02
-2.169461197056931495e-02
-1.995066231756897901e-02
-9.523132141747246704e-02
9.950187487206554326e-01
-1.318623355359142824e-02
-1.939144533080461308e-02
-6.326381566060383654e-02
1.856678668692236106e-02
-6.674318495940537166e-02
0.000000000000000000e+00
6.433036895642035846e-02
1.925324147975276956e-02
-9.358115237915391738e-02
-1.900845149785845151e-02
6.272286287554977580e-02
-1.060050160803950037e-01
-6.614560623594582800e-02
-1.968235403906243297e-02
-7.565552648697747296e-02
