-6.964549973646768461e-04
-2.647829820442204607e-03
6.552542683427291931e-04
-2.214425632007416354e-03
-7.945872632379244113e-03
-1.692006036738323560e-02
1.016503650074396942e-02
-6.411344927032769370e-02
9.977473874747875282e-01
-1.188660132006166131e-02
-3.118418647119059698e-03
-4.335385781035058089e-02
-3.526567050645406515e-02
-6.199138995338812630e-02
0.000000000000000000e+00
5.878375811963925529e-02
-3.352260378456058815e-02
-7.925287942953018749e-02
3.272208778504323567e-02
5.948440838978624745e-02
-8.138160661533581919e-02
-6.087359850449999138e-02
3.441513861247080808e-02
-6.475948782489945876e-02
