-1.959519914713902990e-03
2.311101472210733870e-04
-6.509836608588041472e-04
-3.871463983848437733e-04
-2.048859604916093008e-03
2.004852549832174691e-03
2.003702645822771217e-02
-2.213562270377058758e-02
9.995521558900675174e-01
-2.229039875974339873e-03
1.872718758818527974e-03
-1.430712891880594854e-02
-7.164408076695315264e-02
8.116313182084026676e-03
0.000000000000000000e+00
-8.470271545882855982e-03
-6.915830917667116495e-02
-6.226415458611987003e-02
6.911120705071352455e-02
-7.995513934220616764e-03
-6.008425993217676730e-02
7.864955785284098028e-03
6.982808392267453312e-02
-5.218039859456068824e-02
