-1.908499732296332213e-03
-1.124275902944308399e-03
-4.247353883931976812e-04
-1.381465087451128060e-03
-4.650996419256704997e-03
-6.977101330012018890e-03
1.893567947467552498e-02
-4.322116778061244752e-02
9.988616975114941177e-01
-6.760269216427104710e-03
1.519030030716330510e-03
-2.901823237196744093e-02
-6.336032247927388117e-02
-3.384925068331844783e-02
0.000000000000000000e+00
3.172212256186325574e-02
-6.079815674567736611e-02
-7.059727061106799151e-02
6.047875830134427644e-02
3.266533386213190532e-02
-6.949931324625957529e-02
-3.308666246121385462e-02
6.188280284731211695e-02
-5.800063048656303039e-02
