7.850335611833807528e-03
-1.615273840642905733e-03
5.649940667915224861e-03
-1.032449163042305467e-04
-2.011598901980203927e-02
-1.429256293174572048e-02
-4.423917760371481184e-02
-1.162546977015478933e-01
9.921307691388826511e-01
-7.040266967882133700e-03
-3.214149408481072057e-02
-7.550627745603467889e-02
4.747989126941951077e-02
-4.642142981171247518e-02
0.000000000000000000e+00
4.639571572084041917e-02
4.806677015498190403e-02
-1.064888661395590463e-01
-4.520908134504886267e-02
4.268547877380233363e-02
-1.246491436086289706e-01
-4.659178451196562681e-02
-5.019450042317297189e-02
-8.038689415142091788e-02
