1.069694065536286190e-03
-3.391906238281264599e-03
1.928288609021084656e-03
-2.390970329644010080e-03
-1.077851983126550291e-02
-2.176324795592900901e-02
-1.752664388524411993e-03
-7.886983918766708734e-02
9.966457934855600387e-01
-1.410576624315539040e-02
-9.605953981230121869e-03
-5.306190683453514134e-02
-9.596324015888493472e-03
-6.994866410530976852e-02
0.000000000000000000e+00
6.674270081249530917e-02
-8.561553855473731309e-03
-8.570949507723649163e-02
7.775370881707403467e-03
6.660520404624294122e-02
-9.186806084887499946e-02
-6.899675939299766692e-02
8.929422423936966488e-03
-6.993201371382791465e-02
