-4.598124257782937882e-04
-2.802724286176911522e-03
8.383064255077679432e-04
-2.275309426625060898e-03
-8.382899463764545075e-03
-1.792217990884796552e-02
8.534198154549119814e-03
-6.655462343667288561e-02
9.975853071433922192e-01
-1.238293252578961771e-02
-4.004010091728071007e-03
-4.498734865308669229e-02
-3.120222412774614415e-02
-6.402965773820291917e-02
0.000000000000000000e+00
6.077288163081091821e-02
-2.958237867424329259e-02
-8.029357621830304770e-02
2.874802490976464259e-02
6.137528206667649394e-02
-8.298168409393207046e-02
-6.291831132541909899e-02
3.040866027631894397e-02
-6.559796331986880724e-02
