3.133553293758234068e-04
-3.175504919519314857e-03
1.405683966063747247e-03
-2.383756295268340056e-03
-9.653486656688246501e-03
-2.034712410368045774e-02
3.277956384165831363e-03
-7.328156061532423160e-02
9.970983213386910293e-01
-1.352613935107016725e-02
-6.863059675701219282e-03
-4.944116904263767820e-02
-1.950888122516717185e-02
-6.818347287845916149e-02
0.000000000000000000e+00
6.489665337054494054e-02
-1.822248164753878866e-02
-8.321558232971942859e-02
1.736116971637891720e-02
6.513945080151048450e-02
-8.767771596220048924e-02
-6.713799337078200924e-02
1.881901311667094623e-02
-6.796609339368954450e-02
