-1.730262284475647888e-03
-1.518954325587260805e-03
-2.353895420946400024e-04
-1.628105575791304960e-03
-5.413462601684419263e-03
-9.568413352538758174e-03
1.755146612953699045e-02
-4.850994937039632832e-02
9.986226395965094316e-01
-8.106870850970525344e-03
8.202019236548468376e-04
-3.269484560597858691e-02
-5.770612992512211964e-02
-4.262573271277537296e-02
0.000000000000000000e+00
4.012962414499259001e-02
-5.528790689526628943e-02
-7.275308263056284863e-02
5.484187389785361716e-02
4.110215134693766953e-02
-7.222766215554793368e-02
-4.170254325880769219e-02
5.638808490389298628e-02
-5.962877138447418568e-02
