-1.918878115847386101e-03
3.421288288702374484e-04
-6.310316221097112899e-04
-2.933150877444863115e-04
-1.814033427674206864e-03
2.748699239154969980e-03
1.983929221284904537e-02
-1.992218543995395719e-02
9.996008971906148455e-01
-1.875157953397317816e-03
1.747552038577989634e-03
-1.278001283438784559e-02
-7.098372444916858925e-02
1.280472998772223467e-02
0.000000000000000000e+00
-1.296794903559581394e-02
-6.857082153983247441e-02
-6.142349284367522311e-02
6.852434697557370502e-02
-1.255683729129420875e-02
-5.920779121952513685e-02
1.242472492782690195e-02
6.917364817826210377e-02
-5.163431083977979702e-02
