6.212280933426108688e-03
-2.742827951780212135e-03
4.914733065174576795e-03
-1.088007730005120799e-03
-1.759612502989912550e-02
-1.967658862372006004e-02
-3.439390835743189045e-02
-1.072920458910181646e-01
9.934376215025042534e-01
-1.091708763297045796e-02
-2.708335212713326376e-02
-7.041444247826515734e-02
3.667545639831819998e-02
-5.680473164521221419e-02
0.000000000000000000e+00
5.578281539255649374e-02
3.710930199990782052e-02
-1.008735544709608717e-01
-3.559293864241792893e-02
5.283378231826930949e-02
-1.167049038450007348e-01
-5.681505405380973817e-02
-3.856418031906476418e-02
-7.838313161412724384e-02
