-2.038715050676521544e-03
-5.493622240562706779e-04
-6.073636984525127101e-04
-9.892054523785258607e-04
-3.570209603643674078e-03
-3.184226144027932880e-03
2.010585747776683432e-02
-3.511579977249166401e-02
9.991759083391100749e-01
-4.807723302494765205e-03
2.057160113455828217e-03
-2.335402717337546272e-02
-6.947068958670003791e-02
-1.872108484000784001e-02
0.000000000000000000e+00
1.724089142483577544e-02
-6.680749158196597204e-02
-6.733777669984088166e-02
6.664606974326833799e-02
1.805298401750525528e-02
-6.562769382347716229e-02
-1.828790951526569966e-02
6.779156987771281506e-02
-5.563250940660240118e-02
