1.402534349794487279e-05
-3.052370808289229815e-03
1.190377993372024020e-03
-2.356144976769170007e-03
-9.178010685029554250e-03
-1.954876260236797572e-02
5.295068789188620700e-03
-7.081379154840924950e-02
9.972839189788293979e-01
-1.316132551763779523e-02
-5.763118828077408093e-03
-4.782152887453115092e-02
-2.383344759787606529e-02
-6.692318508798363041e-02
0.000000000000000000e+00
6.363255081063896867e-02
-2.242673568602564921e-02
-8.213579867263776091e-02
2.156264481925050311e-02
6.401884712264081789e-02
-8.591796933407515324e-02
-6.584742116470075624e-02
2.311298583154414860e-02
-6.710198068139217042e-02
