-3.971840815823411133e-04
-2.839976714895007474e-03
8.859421635079973122e-04
-2.288846618406502852e-03
-8.494280953057138303e-03
-1.816304860239006599e-02
8.104899986665508455e-03
-6.716652938357964286e-02
9.975435186457972669e-01
-1.250076104439080960e-02
-4.237503094939858161e-03
-4.539510830556090643e-02
-3.016810716575000703e-02
-6.449615237387096300e-02
0.000000000000000000e+00
6.122996434203566846e-02
-2.857924644825311083e-02
-8.055573160461387827e-02
2.773809166461302031e-02
6.180525693887974070e-02
-8.339049057566171042e-02
-6.338784644630729437e-02
2.938758545275346051e-02
-6.580929851660292929e-02
