-2.034678072303518041e-03
-1.130751008201652698e-04
-6.660841169344742033e-04
-6.638400365676676903e-04
-2.739007516405718001e-03
-2.905403782125984399e-04
2.032590633381529954e-02
-2.829031723520199215e-02
9.993930313288806877e-01
-3.350363805190310993e-03
2.093081359284368424e-03
-1.858350628566470680e-02
-7.186695124760926479e-02
-4.849833117637023829e-03
0.000000000000000000e+00
3.958066023003315066e-03
-6.924354354662827504e-02
-6.464283948580201722e-02
6.916570373783635650e-02
4.604526103795692805e-03
-6.262192758248126545e-02
-4.758109408068478263e-03
7.008167318258895495e-02
-5.376411933785677638e-02
