-1.679271780927258382e-03
-1.608061790456724203e-03
-1.852305821055830149e-04
-1.681181881307279883e-03
-5.590463636728037859e-03
-1.015200848308609599e-02
1.716852736699463200e-02
-4.969331990614969663e-02
9.985653470597271042e-01
-8.410445095561259327e-03
6.223538042942222291e-04
-3.351412288262659717e-02
-5.628222770313844048e-02
-4.445090728757884746e-02
0.000000000000000000e+00
4.187967763324777076e-02
-5.390360078664346161e-02
-7.323844418014024971e-02
5.342792486097290572e-02
4.285137166939105569e-02
-7.286203669759344637e-02
-4.349819173937644751e-02
5.500142542260887113e-02
-6.000151593421836765e-02
