-1.859977611292368575e-03
4.700763682042067518e-04
-5.962935870152502290e-04
-1.818315085506487234e-04
-1.532122344516279565e-03
3.608967890011792815e-03
1.953483913013012718e-02
-1.717406331504493094e-02
9.996551490189903300e-01
-1.473470076885587034e-03
1.565052941760933279e-03
-1.089491153850530823e-02
-6.972709531263250604e-02
1.859740262808315392e-02
0.000000000000000000e+00
-1.852798927225476205e-02
-6.742143174585391030e-02
-6.039253010686092271e-02
6.736833954034013305e-02
-1.819567409364025723e-02
-5.814444970905566223e-02
1.805546830872270525e-02
6.793761452593810590e-02
-5.097348694894406063e-02
