-1.892642986874959292e-03
-1.167415192298721423e-03
-4.065796241922658115e-04
-1.409322519109070795e-03
-4.733020297596960205e-03
-7.260838321727472282e-03
1.880812155933529739e-02
-4.380583648541615249e-02
9.988366150077238048e-01
-6.907447852862396744e-03
1.456152094585497474e-03
-2.942571172941919541e-02
-6.279551220098666953e-02
-3.486653736613848364e-02
0.000000000000000000e+00
3.269618543931611387e-02
-6.024643264018617050e-02
-7.083451537466883829e-02
5.991370806928235371e-02
3.364510968776614902e-02
-6.979264607597088221e-02
-3.408395580155110932e-02
6.133484026217702473e-02
-5.817750067482601456e-02
