-1.430402218575641416e-03
-1.965215704375096201e-03
4.566175927560223218e-05
-1.883586835363630077e-03
-6.327090409513669994e-03
-1.248553435672248441e-02
1.534228088717896898e-02
-5.445555161610463046e-02
9.983202485911980562e-01
-9.622003589970312687e-03
-3.361280094120333182e-04
-3.679545901715754880e-02
-5.003107539396901837e-02
-5.123604715824127409e-02
0.000000000000000000e+00
4.839441405562518866e-02
-4.783520510415661259e-02
-7.520316309187438653e-02
4.723996622461909545e-02
4.933211957589290347e-02
-7.550924230965676276e-02
-5.018902623044132344e-02
4.890135749279526239e-02
-6.153083034024898340e-02
