-1.528300276150762645e-03
8.916720702944285187e-04
-3.347023285739056950e-04
2.222780050223960887e-04
-4.354030825454615738e-04
6.488273311020444772e-03
1.765841072221221650e-02
-5.331408724368932178e-03
9.998088111840287562e-01
-2.193970799551161230e-04
5.550058130162697752e-04
-2.973817441600128120e-03
-5.874280276568253495e-02
4.223509123730850856e-02
0.000000000000000000e+00
-4.125429546653468921e-02
-5.709720861392108410e-02
-5.615538228482089278e-02
5.693345203219374318e-02
-4.123258795595532988e-02
-5.385273682549554519e-02
4.100096158587604456e-02
5.721799761212253282e-02
-4.833946864375362334e-02
