1.836737768918992025e-03
-3.495794390772744443e-03
2.432401544562345138e-03
-2.323925602581621876e-03
-1.184958094097664054e-02
-2.247136500672328174e-02
-6.774793802966879927e-03
-8.387165687069995934e-02
9.962001230161664500e-01
-1.427680986712778072e-02
-1.233480223338074937e-02
-5.624495402396803567e-02
-7.232481288836553873e-04
-7.026493691487972759e-02
0.000000000000000000e+00
6.721413563712710926e-02
1.273766867510459045e-04
-8.801393919869544835e-02
-7.443782093385967712e-04
6.667562901129704678e-02
-9.589835004280787556e-02
-6.941626296630810933e-02
1.353452515223522480e-05
-7.169759439474406026e-02
