-1.872413688310850446e-03
4.454517003504673725e-04
-6.040753050361560893e-04
-2.035908012884964861e-04
-1.587488461857455456e-03
3.443109107559069910e-03
1.960040973669395156e-02
-1.772202181272686250e-02
9.996448863875093682e-01
-1.550209311364317017e-03
1.603608208020828717e-03
-1.126971461106415599e-02
-7.001649683310115502e-02
1.744659289215723733e-02
0.000000000000000000e+00
-1.742312077714801635e-02
-6.768798884972766772e-02
-6.059689563831174158e-02
6.763685454359588678e-02
-1.707516690290738007e-02
-5.835433088491687875e-02
1.693708091305260247e-02
6.822171735547451210e-02
-5.110373784003445496e-02
