-8.595728266886889287e-04
-2.526298378054668906e-03
5.259278212744031202e-04
-2.162214377768842660e-03
-7.626852434201730931e-03
-1.613288650815592959e-02
1.129812090431907799e-02
-6.228943520235803721e-02
9.978637726158402499e-01
-1.149121542770922128e-02
-2.504861403173019429e-03
-4.212652529328216044e-02
-3.822836670091195321e-02
-6.028520060142734949e-02
0.000000000000000000e+00
5.712617732187925262e-02
-3.639439593000973888e-02
-7.848028569661842646e-02
3.562526551894772131e-02
5.788994258653001185e-02
-8.021760076189644872e-02
-5.916875010077989050e-02
3.733071812075736823e-02
-6.413826118369700402e-02
