8.219949842845568344e-03
-1.261808515226758506e-03
5.801618140495773575e-03
1.681095314196673850e-04
-2.070966711344060518e-02
-1.249737609458206888e-02
-4.652718981067479470e-02
-1.181718545209050758e-01
9.918237993707159639e-01
-5.856407643645164182e-03
-3.326365148164573543e-02
-7.657203798428829922e-02
4.940322821090199767e-02
-4.394337900691089316e-02
0.000000000000000000e+00
4.413084229546527376e-02
5.013038463647635778e-02
-1.077493216172205476e-01
-4.686853627875917083e-02
4.027701328977860429e-02
-1.265115332013181659e-01
-4.408483928280772929e-02
-5.236675627471679140e-02
-8.080580719757822494e-02
