-2.029831073152692407e-03
-6.276148697131508610e-04
-5.891526947683233982e-04
-1.044935916153919746e-03
-3.717084476541307556e-03
-3.701760083221969366e-03
2.000418642892025020e-02
-3.626444739675357964e-02
9.991351356811607465e-01
-5.071955893720749703e-03
2.016336685370146570e-03
-2.415768269281448957e-02
-6.881039288362211792e-02
-2.096862898575248962e-02
0.000000000000000000e+00
1.939230329908741418e-02
-6.615199505216980136e-02
-6.779613635203984856e-02
6.597170762740739436e-02
2.022811340171524683e-02
-6.615532054663390837e-02
-2.048324298208729910e-02
6.715551279388300154e-02
-5.595839031998241925e-02
