-5.210471373663108858e-04
-2.764853503035284276e-03
7.914157970398552969e-04
-2.261079871728828919e-03
-8.272374243262381466e-03
-1.767726566053233819e-02
8.954843139543899530e-03
-6.594335899024303393e-02
9.976265826792091174e-01
-1.226248899394583383e-02
-3.775357662418061394e-03
-4.457933105870048179e-02
-3.222933544765870656e-02
-6.354581974978722181e-02
0.000000000000000000e+00
6.029961592664443565e-02
-3.057854927805623083e-02
-8.003222817436424219e-02
2.975169493814229169e-02
6.092810285424624800e-02
-8.257642277056544133e-02
-6.243199763879116182e-02
3.142222619523105803e-02
-6.538729896372424966e-02
