-1.820886736791859804e-03
5.410571983166432251e-04
-5.705552411940754964e-04
-1.182227298902642569e-04
-1.369021663058901618e-03
4.087979228822436958e-03
1.932527671453996079e-02
-1.553520128682113477e-02
9.996841899453592362e-01
-1.253955785560073328e-03
1.443965985859226248e-03
-9.777461984820956867e-03
-6.874567156305155802e-02
2.202161541095708913e-02
0.000000000000000000e+00
-2.181633224138389282e-02
-6.651260504574867116e-02
-5.978510371188305861e-02
6.645181523648419075e-02
-2.153042445079799208e-02
-5.752294903246824020e-02
2.138249104170353299e-02
6.697563414564748629e-02
-5.058840470372508169e-02
