-1.884533524135137937e-03
4.203444711593083043e-04
-6.114468268576864598e-04
-2.256225430317451697e-04
-1.643359460989358284e-03
3.274152574008308992e-03
1.966371592327106899e-02
-1.827081431368950473e-02
9.996343309157234014e-01
-1.628743059554789039e-03
1.641183193542531012e-03
-1.164564549529950935e-02
-7.028691694408353841e-02
1.629160445401752616e-02
0.000000000000000000e+00
-1.631437892743874823e-02
-6.793625514402661103e-02
-6.080218637083805583e-02
6.788676629708222110e-02
-1.595071655425790366e-02
-5.856559148041901725e-02
1.581450829978883060e-02
6.848742940063425044e-02
-5.123494130208997716e-02
