7.981598575549227539e-03
-1.487700466792706705e-03
5.704947224714615114e-03
-7.842342372256058312e-06
-2.031530299240518964e-02
-1.362474914979233329e-02
-4.507214746784732329e-02
-1.168892710058543755e-01
9.920281074934124144e-01
-6.612395857051655418e-03
-3.254900649070249785e-02
-7.586060846622429132e-02
4.812643265506254958e-02
-4.561666950180433278e-02
0.000000000000000000e+00
4.565684740186738005e-02
4.877393008118347667e-02
-1.069024184029261915e-01
-4.577061224917611942e-02
4.189965952181595732e-02
-1.252689125798579217e-01
-4.576714004540509417e-02
-5.093255106086468087e-02
-8.053180532070833286e-02
