-2.007822027144405032e-03
5.032683500074405043e-05
-6.668018608207947062e-04
-5.349487085498442736e-04
-2.417073748114521772e-03
7.974819268910639594e-04
2.024517622440495310e-02
-2.548048640584373720e-02
9.994699803769699908e-01
-2.814024168636685818e-03
2.018121157654931535e-03
-1.662667398171849970e-02
-7.205540566419157966e-02
1.041129517047002882e-03
0.000000000000000000e+00
-1.686797294653748095e-03
-6.948287265403803314e-02
-6.354997686573592153e-02
6.942440445116702941e-02
-1.117178120687507652e-03
-6.144437997027846210e-02
9.794563880410657192e-04
7.024779597875074888e-02
-5.302916943312445397e-02
