3.268846206293956041e-03
-3.436941154262914723e-03
3.314189016570552593e-03
-2.042410896843785580e-03
-1.373650208280045512e-02
-2.229909319562641684e-02
-1.597340944615613725e-02
-9.206796334477647392e-02
9.953748493702576638e-01
-1.372822189929018104e-02
-1.728763806937643616e-02
-6.133888071304966633e-02
1.338217660518595774e-02
-6.829180137231272152e-02
0.000000000000000000e+00
6.565938155628385509e-02
1.405920179817470202e-02
-9.196893946274817266e-02
-1.414187742655081265e-02
6.437394420065892242e-02
-1.029976284581147900e-01
-6.762976250894349450e-02
-1.432859203874376972e-02
-7.456214522757034779e-02
