-1.690145560125412083e-03
7.281472368139697534e-04
-4.733626639063027216e-04
5.689129244308111871e-05
-9.059596060050289449e-04
5.359323180938346809e-03
1.859731723197555892e-02
-1.066391702923163987e-02
9.997558193481091982e-01
-6.896232272377922703e-04
1.042100002546202412e-03
-6.492282575365869793e-03
-6.480233414134006775e-02
3.196774156909193421e-02
0.000000000000000000e+00
-3.137506259376140333e-02
-6.282166207933591318e-02
-5.801671127485667073e-02
6.272266433099539518e-02
-3.122190223762257022e-02
-5.572892356946748671e-02
3.104039633183763511e-02
6.312245418551888643e-02
-4.948309872620599431e-02
