-1.807299824686901292e-03
5.637546747959928158e-04
-5.612005553954002232e-04
-9.758691869772280567e-05
-1.315643462287640697e-03
4.241474240250490794e-03
1.925137930106468609e-02
-1.499058800479563178e-02
9.996932912461432563e-01
-1.184326887493558980e-03
1.401946569955089469e-03
-9.407363092414451275e-03
-6.838103975266067447e-02
2.315257161244982723e-02
0.000000000000000000e+00
-2.290268905343665826e-02
-6.617349955876264400e-02
-5.958455844788194955e-02
6.610955357390345399e-02
-2.263205213254920745e-02
-5.731845381394277267e-02
2.248111456680522424e-02
6.661866592939184872e-02
-5.046191881969346038e-02
