-1.735682805262365146e-03
6.700607271069613288e-04
-5.089123142646930810e-04
1.209253321570149717e-06
-1.056025576506291639e-03
4.962927744701370672e-03
1.885469546241478819e-02
-1.228011069740549306e-02
9.997344990988756841e-01
-8.623253148039611597e-04
1.181363925789142341e-03
-7.575623049501068254e-03
-6.628064728655291837e-02
2.871506183246187033e-02
0.000000000000000000e+00
-2.824786075691760462e-02
-6.421031135798885292e-02
-5.859685980030768238e-02
6.412641057823992297e-02
-2.805173225753523555e-02
-5.631548383567043514e-02
2.788293080515139369e-02
6.456543589601804189e-02
-4.984333940091375398e-02
