-2.024255766176746591e-03
-6.672789937822435529e-04
-5.790955899426794085e-04
-1.072895680403893959e-03
-3.791442035466711068e-03
-3.963926107203439263e-03
1.994568189854600132e-02
-3.683994131807087624e-02
9.991142456131327787e-01
-5.206132617182902475e-03
1.991745153875079406e-03
-2.456029520311037162e-02
-6.845298132386082313e-02
-2.208321747684083639e-02
0.000000000000000000e+00
2.045917855775172822e-02
-6.579820543299474966e-02
-6.802625297747950939e-02
6.560798487399091550e-02
2.130631392251332995e-02
-6.642217283810988859e-02
-2.157231349100915963e-02
6.681085362823221963e-02
-5.612288737473066641e-02
