-9.615995856905523113e-04
-2.443146713759312277e-03
4.435420283402172204e-04
-2.124564430302303564e-03
-7.418248929717073843e-03
-1.559376123528649453e-02
1.201108149827617710e-02
-6.107674420271290427e-02
9.979389760147536759e-01
-1.121824390172988968e-02
-2.119767809479170158e-03
-4.130744615746704401e-02
-4.015875481841911510e-02
-5.906523857850502074e-02
0.000000000000000000e+00
5.594402602599450602e-02
-3.826529036874601331e-02
-7.796880971865999266e-02
3.751945208805242127e-02
5.674492137633993516e-02
-7.945830357238595210e-02
-5.795269565487481261e-02
3.922794777803147864e-02
-6.372795365865674411e-02
