-1.765023312856738892e-03
6.289699645781217504e-04
-5.309042317059918612e-04
-3.742206740519458697e-05
-1.158430737401164442e-03
4.683517435344970899e-03
1.901853760006790364e-02
-1.336178116138883598e-02
9.997188718315677125e-01
-9.859402400412599094e-04
1.271526568695405040e-03
-8.304490495875647277e-03
-6.717586424362101405e-02
2.650975221015562308e-02
0.000000000000000000e+00
-2.612830035907958912e-02
-6.504876681725135779e-02
-5.898888420604541521e-02
6.497365936660878805e-02
-2.590276782764783584e-02
-5.671281511928664976e-02
2.574164817369072045e-02
6.544002260671284710e-02
-5.008802024435079353e-02
