-1.010624421433005361e-03
-2.401012724996621443e-03
4.035043715238930350e-04
-2.104940902652441097e-03
-7.315152793494128156e-03
-1.532040081742735635e-02
1.235494450482074215e-02
-6.047140358225185780e-02
9.979758764688996253e-01
-1.107926250799922199e-02
-1.934355347655271774e-03
-4.089768954355873370e-02
-4.110967991743012806e-02
-5.843094661656551836e-02
0.000000000000000000e+00
5.533021938696023462e-02
-3.918687556009733952e-02
-7.771411388506356543e-02
3.845329979420367139e-02
5.614821798609584413e-02
-7.908357419936068444e-02
-5.732127250252095491e-02
4.016183715543830690e-02
-6.352399202121704336e-02
