1.347539136132849813e-03
-3.442194789124378672e-03
2.113467387976583969e-03
-2.374740616193203417e-03
-1.117134651340140686e-02
-2.210214546722761783e-02
-3.580420470245490941e-03
-8.074298728456393015e-02
9.964834397817992073e-01
-1.421447749001685315e-02
-1.060065501697230600e-02
-5.426052215336383405e-02
-6.266805055075733329e-03
-7.020492217281848468e-02
0.000000000000000000e+00
6.704860754327761352e-02
-5.306720666777373779e-03
-8.656306891577766893e-02
4.570747767400733241e-03
6.676754712293221650e-02
-9.333642038651794592e-02
-6.929075390029708348e-02
5.590704121649537825e-03
-7.059181996145662275e-02
