-2.047547937408547309e-03
-2.875922651020173040e-04
-6.517971062041689068e-04
-7.970916923104185087e-04
-3.075097330502959796e-03
-1.449821914538793445e-03
2.031055835260264439e-02
-3.112032822580933916e-02
9.993082129187869089e-01
-3.929541037501746437e-03
2.118542764259341311e-03
-2.055957028511243637e-02
-7.119883433482968038e-02
-1.069370088640653541e-02
0.000000000000000000e+00
9.555326730099051799e-03
-6.854458912466995790e-02
-6.575384812479335983e-02
6.843823554797369424e-02
1.027486144583761481e-02
-6.384223022549126436e-02
-1.045443515563531690e-02
6.944916759236852144e-02
-5.452457113808262257e-02
