5.848176274797071451e-03
-2.877762234231751905e-03
4.746395746635597573e-03
-1.288361974444493215e-03
-1.691676422290354018e-02
-1.976216931520879960e-02
-3.260828022740819981e-02
-1.041123128113876223e-01
9.938343841131840328e-01
-1.130839825061394528e-02
-2.596750306688887927e-02
-6.855293924923097637e-02
3.195424448402534728e-02
-6.007143554984789580e-02
0.000000000000000000e+00
5.871085330930286145e-02
3.280771305023544998e-02
-9.891443603845398447e-02
-3.130682405150247288e-02
5.596054882286168736e-02
-1.150093650261151540e-01
-5.982032087277976140e-02
-3.385672897102098844e-02
-7.784548471698136962e-02
