4.239065441529027076e-03
-3.231927378857584517e-03
3.873735580147848277e-03
-1.750692538231920278e-03
-1.499126099832655962e-02
-2.125591004376893231e-02
-2.206927587697944323e-02
-9.714340428127610227e-02
9.947986189953832437e-01
-1.281231622589425190e-02
-2.053440021926859760e-02
-6.441522930019780158e-02
2.163524136031876391e-02
-6.560014574935553455e-02
0.000000000000000000e+00
6.331735905138256848e-02
2.229116022194087623e-02
-9.458081889218832028e-02
-2.186707218131743111e-02
6.154294307385254487e-02
-1.076934787366187751e-01
-6.505343484738890236e-02
-2.283278410591679450e-02
-7.627351739720616974e-02
