1.735422140023450003e-03
-3.487882952776486922e-03
2.367267944381032732e-03
-2.336359892711817755e-03
-1.171209490151564094e-02
-2.241224398259328981e-02
-6.114581862063228103e-03
-8.324438143576461113e-02
9.962583380668359467e-01
-1.427425038001641985e-02
-1.197722677437846120e-02
-5.584877368529445052e-02
-1.828938843562171075e-03
-7.028988006385669673e-02
0.000000000000000000e+00
6.721500185885850853e-02
-9.583980387096963181e-04
-8.772170262215418790e-02
3.140418818381876878e-04
6.672971963923761407e-02
-9.538141019945997612e-02
-6.942753449154265288e-02
1.129062835114754380e-03
-7.147591408071594932e-02
