-1.923418253239555500e-03
-1.081362015168103093e-03
-4.421861210052202324e-04
-1.353536610711817073e-03
-4.569632604494095959e-03
-6.694726905325295435e-03
1.905697337296630156e-02
-4.263725069730072564e-02
9.988864185934759332e-01
-6.613901533011446766e-03
1.578398768619515427e-03
-2.861106580479892691e-02
-6.390867895129062615e-02
-3.282231238168574483e-02
0.000000000000000000e+00
3.073889557748172088e-02
-6.133418369972949008e-02
-7.036060231625607120e-02
6.102788170573668347e-02
3.167583498819666332e-02
-6.920833849907756519e-02
-3.208022874006515729e-02
6.241458028855358109e-02
-5.782478059602504106e-02
