-1.643016759026328299e-03
7.820184181398389354e-04
-4.348916129064565655e-04
1.098070071257521512e-04
-7.600677350140508295e-04
5.728759407004042382e-03
1.832749899319706735e-02
-9.055307400121703418e-03
9.997746173534315384e-01
-5.318531473734022103e-04
8.989271134779470854e-04
-5.421363029020745232e-03
-6.316436140792487663e-02
3.514691767064553884e-02
0.000000000000000000e+00
-3.443275916472873094e-02
-6.127856068494388214e-02
-5.744633241433835108e-02
6.116232928273809821e-02
-3.432105019018354825e-02
-5.515346666356924638e-02
3.412560750410682797e-02
6.152503110000900194e-02
-4.913087737465397786e-02
