-1.104745298194274904e-03
-2.315759024684706235e-03
3.257460315908625430e-04
-2.064185607319489902e-03
-7.111343594232510425e-03
-1.476690442494550497e-02
1.301764881192516744e-02
-5.926274730358035980e-02
9.980482984981969841e-01
-1.079682694311154441e-02
-1.577697786414681723e-03
-4.007781026804307228e-02
-4.298160755611681039e-02
-5.711452155283708310e-02
0.000000000000000000e+00
5.405785132656278774e-02
-4.100105597825205728e-02
-7.720675536101483105e-02
4.029308736743693331e-02
5.490717547589535341e-02
-7.834379869342433800e-02
-5.601242847667853297e-02
4.199889168798956463e-02
-6.311851423652579951e-02
