3.854882881393048078e-04
-3.201138091662573005e-03
1.457736918611551250e-03
-2.387168879120142844e-03
-9.777511373682750556e-03
-2.050479998866894943e-02
2.807056760029551061e-03
-7.394024201613205727e-02
9.970478996619803747e-01
-1.359679234494153705e-02
-7.125207543418505228e-03
-4.986066274142141042e-02
-1.841749925152301806e-02
-6.845429534023983464e-02
0.000000000000000000e+00
6.516504952862152422e-02
-1.716479629730961742e-02
-8.349938192862302322e-02
1.630484958156577444e-02
6.537429373480152517e-02
-8.812621632895541179e-02
-6.741578804298431482e-02
1.774000757567771591e-02
-6.817074440889113462e-02
