-1.968678354615221483e-03
2.021603331085715990e-04
-6.548250601452347596e-04
-4.112129265672218124e-04
-2.108884001592835778e-03
1.811211113671062434e-03
2.007943361867931334e-02
-2.269104677432183526e-02
9.995392199689516755e-01
-2.322036133389038942e-03
1.900699698031169810e-03
-1.469139271625284973e-02
-7.176096642328227970e-02
6.939328052605917702e-03
0.000000000000000000e+00
-7.341499669696801948e-03
-6.925883044056596605e-02
-6.247643373309743481e-02
6.921071580815513213e-02
-6.850833572320402624e-03
-6.030709054015015447e-02
6.719908816173264521e-03
6.994494024055160353e-02
-5.231937501313498051e-02
