7.154062792389178672e-03
-2.161648437467685729e-03
5.351832070068269706e-03
-5.603020795780437428e-04
-1.900748067007691777e-02
-1.691445185711053928e-02
-4.005206834941611033e-02
-1.124134294343701740e-01
9.927099042631292170e-01
-8.890628871844089356e-03
-3.002055072626255011e-02
-7.334571709509993265e-02
4.316626897638791566e-02
-5.116612854985422287e-02
0.000000000000000000e+00
5.069432808181361522e-02
4.365273449416647716e-02
-1.040098311049372365e-01
-4.141658335162217569e-02
4.729862168135995359e-02
-1.212033080598647061e-01
-5.128645829492241293e-02
-4.549563912074065103e-02
-7.956955057525491593e-02
