-1.652139777530461191e-03
-1.652707627124195026e-03
-1.590264744211828047e-04
-1.707400628738551217e-03
-5.680021558613609738e-03
-1.044420282156672923e-02
1.696628457544065854e-02
-5.028609247520562237e-02
9.985361148795279806e-01
-8.562402808791278949e-03
5.173239795911822392e-04
-3.392397375720775099e-02
-5.554866630164809888e-02
-4.534495843071087440e-02
0.000000000000000000e+00
4.273722748528410720e-02
-5.319080274529584818e-02
-7.348198821529672298e-02
5.270019984287960951e-02
4.370740775574179227e-02
-7.318323138251002502e-02
-4.437835670501808633e-02
5.428662917625892703e-02
-6.018934869142881366e-02
