-2.025517464015939937e-03
-4.635142197550938905e-05
-6.679507279806309091e-04
-6.117131325971146604e-04
-2.608558541905697369e-03
1.534152121113461814e-04
2.030451486102844219e-02
-2.716395095727753423e-02
9.994247459956261403e-01
-3.130584837832907277e-03
2.068637020877625056e-03
-1.779833641939175190e-02
-7.200014769255620728e-02
-2.496874415848621652e-03
0.000000000000000000e+00
1.703728658721536792e-03
-6.939471006755125460e-02
-6.420345383764555769e-02
6.932571339861595683e-02
2.319808621601672505e-03
-6.214592278359482025e-02
-2.465890865774192017e-03
7.020430357713029756e-02
-5.346709661711412931e-02
