-1.443621642776346222e-03
9.566557263805975384e-04
-2.550965853337407987e-04
2.930185186557184495e-04
-2.165274065849680544e-04
6.945640595036352977e-03
1.715468673729958135e-02
-2.696779712452871281e-03
9.998250857919359635e-01
-4.127398230496630033e-05
3.056858542813159735e-04
-1.272445056230930155e-03
-5.509485959749389761e-02
4.697338739149400227e-02
0.000000000000000000e+00
-4.581763667686771652e-02
-5.363557379009048498e-02
-5.526943686510379233e-02
5.343261643272346345e-02
-4.585380193896253231e-02
-5.295874022228599931e-02
4.559424489012567361e-02
5.366843803415330405e-02
-4.779954145976599011e-02
