-1.477682613913658318e-03
9.319658461127683759e-04
-2.876854466627969532e-04
2.656900705396224955e-04
-3.028025464067624658e-04
6.771009160412569221e-03
1.735825180347894472e-02
-3.748104045816033191e-03
9.998193818112042219e-01
-1.082070348758055068e-04
4.054851516745779788e-04
-1.948111325591020057e-03
-5.660122711985274280e-02
4.511323609073472629e-02
0.000000000000000000e+00
-4.402585217766199349e-02
-5.506603958224272344e-02
-5.562006898998106408e-02
5.487921945095554366e-02
-4.403954627557236240e-02
-5.331287613331332081e-02
4.379130267282405065e-02
5.513383098849349018e-02
-4.801302231756236771e-02
