-1.776980934046792871e-03
-1.430207422550932358e-03
-2.825724618285015794e-04
-1.574272289433687562e-03
-5.239251957144525421e-03
-8.986640283247972552e-03
1.790621828862999296e-02
-4.732949548615979912e-02
9.986783899234252804e-01
-7.804238081478903286e-03
1.002094358458991905e-03
-3.187623859257691233e-02
-5.907100206553262539e-02
-4.075272113731371465e-02
0.000000000000000000e+00
3.833442418414706454e-02
-5.661584376038403255e-02
-7.227001294267228204e-02
5.619905479253775593e-02
3.930496279144776034e-02
-7.160377336171931673e-02
-3.986135933155290217e-02
5.771621486593432604e-02
-5.925995895733150026e-02
