-2.010764649393552341e-03
-7.476386622847246881e-04
-5.570469352600023166e-04
-1.128955551842640874e-03
-3.942015519166067877e-03
-4.494755511701495863e-03
1.981286224481193514e-02
-3.799325839795383158e-02
9.990714488858465359e-01
-5.478423045133950890e-03
1.933903641648818551e-03
-2.536700234227940581e-02
-6.768420087112142491e-02
-2.429253629504805542e-02
0.000000000000000000e+00
2.257387668182835039e-02
-6.503910163831667923e-02
-6.848833250316835319e-02
6.482804264474242850e-02
2.344251486340676385e-02
-6.696208293936233014e-02
-2.373182441379186394e-02
6.606879010079701187e-02
-5.645499369230012193e-02
