-1.408430403645413330e-03
9.792219475593232775e-04
-2.211965890022392898e-04
3.182021126817410677e-04
-1.326265432303695691e-04
7.116105506743469408e-03
1.694112152593285625e-02
-1.649127726852145544e-03
9.998298054277042768e-01
2.025334450071051133e-05
2.059066004099717982e-04
-6.036157383330963220e-04
-5.352840348492445000e-02
4.878316659010913797e-02
0.000000000000000000e+00
-4.756455950787298603e-02
-5.214703416749841280e-02
-5.492367728937877502e-02
5.192848797671380245e-02
-4.762123612682843399e-02
-5.260715329857728467e-02
4.735079889531523117e-02
5.214724625454583012e-02
-4.759076479274243487e-02
