9.799097968117651686e-04
-3.372504406109384963e-03
1.867720742300916928e-03
-2.394197499603296052e-03
-1.064960574578247172e-02
-2.163422915813972489e-02
-1.159823891963706818e-03
-7.824655539310694519e-02
9.966985961194015919e-01
-1.405940865774442210e-02
-9.283031176547029348e-03
-5.266137520201556732e-02
-1.070502595981849027e-02
-6.982627716445378996e-02
0.000000000000000000e+00
6.660627285952989973e-02
-9.644154536218571550e-03
-8.542757829877119236e-02
8.844263592546829089e-03
6.651482184245385842e-02
-9.138692213112790952e-02
-6.886241913285402749e-02
1.003921085144841331e-02
-6.971247583200040898e-02
