1.608220592452536135e-04
-3.115750743063219058e-03
1.296643540789039302e-03
-2.371681614287770874e-03
-9.413913861246878817e-03
-1.995941926364475441e-02
4.303856574771693783e-03
-7.204646226659101871e-02
9.971922611393002622e-01
-1.335106644234742949e-02
-6.303569863019557046e-03
-4.863208271202282967e-02
-2.167966470222011666e-02
-6.758956840900975926e-02
0.000000000000000000e+00
6.429837736795515624e-02
-2.033356021019600696e-02
-8.267370905275990556e-02
1.946878554965342234e-02
6.461495161837421675e-02
-8.679023323186592365e-02
-6.652798527112967208e-02
2.097593866292284462e-02
-6.753306407686708590e-02
