7.620347490746595676e-03
-1.803534170097753891e-03
5.553357385650002469e-03
-2.596253482597474108e-04
-1.973414435157788693e-02
-1.520108689284333306e-02
-4.286671822288751904e-02
-1.149662406813620891e-01
9.923276348715028838e-01
-7.679945080717583313e-03
-3.145331923312198741e-02
-7.478690864495105006e-02
4.609891234531510174e-02
-4.804942121550039719e-02
0.000000000000000000e+00
4.787109370362244848e-02
4.664297831590322879e-02
-1.056539045626997547e-01
-4.400786253677482773e-02
4.426636091632894093e-02
-1.234304791753739888e-01
-4.820387890407099724e-02
-4.868055213275664095e-02
-8.011071547951187366e-02
