-2.048289880689003941e-03
-3.237776565085157638e-04
-6.472352423938651988e-04
-8.241869774566415322e-04
-3.144050907298543817e-03
-1.689879176884058216e-03
2.029495914562480172e-02
-3.168873192797306421e-02
9.992902897609093893e-01
-4.050326117540043597e-03
2.117058680199145060e-03
-2.095688920871759814e-02
-7.100816840961327037e-02
-1.185334382379027787e-02
0.000000000000000000e+00
1.066578188580975459e-02
-6.835019172202834448e-02
-6.597813275964840851e-02
6.823704188967089079e-02
1.139932466357720768e-02
-6.409165664797850104e-02
-1.158540332369224074e-02
6.926714798520090810e-02
-5.467974582500068070e-02
