2.580904811793869290e-03
-3.503282545635420884e-03
2.899392637022892971e-03
-2.200772724994417943e-03
-1.284135092115245604e-02
-2.260459141682521697e-02
-1.158114469343721545e-02
-8.827597662562512715e-02
9.957721935690211357e-01
-1.412118789097999844e-02
-1.493151000316530162e-02
-5.900146002304441917e-02
6.952582612953400396e-03
-6.957910438405265352e-02
0.000000000000000000e+00
6.672908343420277943e-02
7.686892985977757629e-03
-9.010451852541799533e-02
-8.060756524678806129e-03
6.580072060408136136e-02
-9.962747755473769229e-02
-6.883038781212168222e-02
-7.762415040590594194e-03
-7.324598728100623068e-02
