7.193864954605337387e-04
-3.307051004435847610e-03
1.689819471830304818e-03
-2.397708386458672052e-03
-1.026903298064973935e-02
-2.120271406973977049e-02
5.657388266626213686e-04
-7.638004827774996786e-02
9.968531552243518057e-01
-1.389198973489937095e-02
-8.342119174781503776e-03
-5.145694259744384297e-02
-1.402358057931501686e-02
-6.934836470610857007e-02
0.000000000000000000e+00
6.609396050832869185e-02
-1.288097231105514960e-02
-8.458966323306012225e-02
1.204865627299612531e-02
6.613465950336323840e-02
-8.996983142918792142e-02
-6.835067843689650313e-02
1.335517494106102689e-02
-6.905522899724900188e-02
