1.536853451835617666e-03
-3.467314482117562005e-03
2.238455401120810050e-03
-2.357540034145646796e-03
-1.144004997049648427e-02
-2.226579243612860151e-02
-4.816610296103026462e-03
-8.199133983909320800e-02
9.963726486329486098e-01
-1.425157471550337826e-02
-1.127362517304281338e-02
-5.505473032165462272e-02
-4.044222605774739493e-03
-7.028431785859359793e-02
0.000000000000000000e+00
6.716491547444224108e-02
-3.131507232639994462e-03
-8.714164058248367872e-02
2.437707837849372242e-03
6.678388283189361230e-02
-9.435937495792146024e-02
-6.939528099931530081e-02
3.360693941522089126e-03
-7.103254248373068458e-02
