-1.754148570576940375e-03
-1.474527398950779963e-03
-2.593511920039783133e-04
-1.601276549617170137e-03
-5.326010658193203878e-03
-9.277243085758040547e-03
1.773232421819407462e-02
-4.791935656607958227e-02
9.986507060553461157e-01
-7.955401148528530586e-03
9.131176415022358456e-04
-3.228545044551581894e-02
-5.839604793408968014e-02
-4.169508531913054816e-02
0.000000000000000000e+00
3.923755636605093244e-02
-5.595901843593317077e-02
-7.251126187561485192e-02
5.552766581810801572e-02
4.020943409924158940e-02
-7.191442202277154028e-02
-4.078752491957974430e-02
5.705956061804813573e-02
-5.944387099041700123e-02
