-1.929614861490124966e-03
3.150937128577597601e-04
-6.366936320464132784e-04
-3.163984866254335952e-04
-1.871955652207667013e-03
2.567360876204221893e-03
1.989278012232184936e-02
-2.047430332501424394e-02
9.995891600355074624e-01
-1.960911818696661323e-03
1.780728089181260118e-03
-1.316026294707096402e-02
-7.117768090046742990e-02
1.163619373744612800e-02
0.000000000000000000e+00
-1.184675212624404332e-02
-6.874546247748815342e-02
-6.163236801021680644e-02
6.869933705189229523e-02
-1.141974887950796685e-02
-5.942471286454990842e-02
1.128846088065771185e-02
6.936524955952577676e-02
-5.176936795411923170e-02
