-1.058336334491329382e-03
-2.358541606647751154e-03
3.642387034450180199e-04
-2.084808753550122101e-03
-7.212852866571061936e-03
-1.504472795791100652e-02
1.269045187579018012e-02
-5.986673694805891982e-02
9.980123157551976654e-01
-1.093875605988461723e-02
-1.753672726326299626e-03
-4.048780634210784324e-02
-4.205072224808757003e-02
-5.778065398564338068e-02
0.000000000000000000e+00
5.470144590635797610e-02
-4.009888110190222565e-02
-7.746009900877352805e-02
3.937793840732799894e-02
5.553558441560436237e-02
-7.871208293376370790e-02
-5.667446242182826860e-02
4.108556917731999436e-02
-6.332084159030983150e-02
