6.682604331011296472e-03
-2.475973291795270474e-03
5.137677718108752366e-03
-8.375099169684468731e-04
-1.829334741672955511e-02
-1.841797999766395938e-02
-3.721556832265308229e-02
-1.098535935260826768e-01
9.930800408207960395e-01
-9.975818164049988016e-03
-2.855785738740851051e-02
-7.188747267076210645e-02
4.002254144896140453e-02
-5.408786131300005739e-02
0.000000000000000000e+00
5.333557987395121103e-02
4.046942672248031447e-02
-1.024207092002011321e-01
-3.860967704624619634e-02
5.015878652388405107e-02
-1.189499352221346923e-01
-5.416115011049989214e-02
-4.211953367694734607e-02
-7.898786666497738251e-02
