-1.839296728908354711e-03
-1.298049800059879145e-03
-3.478333771540937378e-04
-1.492344613173654695e-03
-4.983092562441487211e-03
-8.119309744885876839e-03
1.838696288178646304e-02
-4.556432793570066447e-02
9.987591743884099982e-01
-7.353271131469816570e-03
1.245905309917351173e-03
-3.064986196355190540e-02
-6.100408989652607306e-02
-3.785781273146111153e-02
0.000000000000000000e+00
3.556092182242352739e-02
-5.849872605024947908e-02
-7.154969217091373956e-02
5.812476841936510541e-02
3.652346552413487241e-02
-7.068707920049384363e-02
-3.701839984657751687e-02
5.959542485613401885e-02
-5.871420126725237359e-02
