-1.798773550769481927e-03
-1.386010669461878314e-03
-3.050572046828005650e-04
-1.547106549639783038e-03
-5.153182201498611274e-03
-8.696713578670422357e-03
1.807323244691352165e-02
-4.674036867268472478e-02
9.987056940751823930e-01
-7.653450759524109415e-03
1.087183132702302085e-03
-3.146722590844690942e-02
-5.973079109685779792e-02
-3.979888696810421345e-02
0.000000000000000000e+00
3.742045401785729086e-02
-5.725819341036402638e-02
-7.202933515729054159e-02
5.685583513271885020e-02
3.838897981780917817e-02
-7.129568639192643276e-02
-3.892428704156867397e-02
5.835786331445211306e-02
-5.907704025224142647e-02
