5.462101128327119135e-04
-3.254988982946758168e-03
1.570587691009414861e-03
-2.393794519175423442e-03
-1.002277999359916204e-02
-2.085570163350206757e-02
1.732890482844329358e-03
-7.517981648226261526e-02
9.969503658626353015e-01
-1.374833833341814263e-02
-7.711271444521931862e-03
-5.066786288405861205e-02
-1.622566343635286484e-02
-6.893878015299577389e-02
0.000000000000000000e+00
6.566116739942788605e-02
-1.503131049936803042e-02
-8.404792391429467824e-02
1.418133799029627426e-02
6.579086262872790858e-02
-8.903649964144184914e-02
-6.791917853292307738e-02
1.555776246970807727e-02
-6.860590093574728265e-02
