2.147633555648938240e-03
-3.509406037374981652e-03
2.629931410618265367e-03
-2.278913191139820583e-03
-1.226787794200422457e-02
-2.258933328610688782e-02
-8.789994411925922818e-03
-8.575642821688429784e-02
9.960212312191993878e-01
-1.424795091492197380e-02
-1.342568457454898674e-02
-5.742999270068577938e-02
2.583288870514261360e-03
-7.007998516528850252e-02
0.000000000000000000e+00
6.710803710264773292e-02
3.378139992695994905e-03
-8.889974617275901714e-02
-3.902892301713712861e-03
6.640657914769386438e-02
-9.746995583288289855e-02
-6.927359426169100998e-02
-3.328475479776403945e-03
-7.236198231128031233e-02
