-2.002819215126364506e-03
-7.883154735987604050e-04
-5.450431392563366518e-04
-1.157035540159435895e-03
-4.018238772789306003e-03
-4.763291417265387399e-03
1.973835824848931345e-02
-3.857107709582138777e-02
9.990495384515206689e-01
-5.616458329041080361e-03
1.900534430434818161e-03
-2.577106224314431454e-02
-6.727307446915090083e-02
-2.538667625010166545e-02
0.000000000000000000e+00
2.362114951535156104e-02
-6.463402423350592119e-02
-6.872028530990310913e-02
6.441207279707113209e-02
2.449993267038439240e-02
-6.723519265754676622e-02
-2.480169533339491098e-02
6.567160599898611006e-02
-5.662260191349667571e-02
