-1.532382178680304378e-03
-1.831479732781337135e-03
-4.664230364854593508e-05
-1.809803998403523287e-03
-6.045407974511732632e-03
-1.161281248993699042e-02
1.608366374610568916e-02
-5.266437044236967069e-02
9.984152054293266021e-01
-9.169578433769512774e-03
5.541208967115295340e-05
-3.556443226329788349e-02
-5.247546839792611995e-02
-4.879220651049370749e-02
0.000000000000000000e+00
4.604599382062284779e-02
-5.020676106973172986e-02
-7.446197548102148622e-02
4.965619130214032895e-02
4.700245081788860524e-02
-7.449543516399406706e-02
-4.777601627148599789e-02
5.128902514219745024e-02
-6.095026919955773975e-02
