7.283378156932615415e-03
-2.060779729974604197e-03
5.409411368447160189e-03
-4.793301713064358673e-04
-1.919246359255835990e-02
-1.640154695431876586e-02
-4.086294784725535978e-02
-1.130466604217832127e-01
9.926135508435394161e-01
-8.547528570723390839e-03
-3.042921199761784712e-02
-7.370525175878223090e-02
4.390492726861183054e-02
-5.041809545345847521e-02
0.000000000000000000e+00
5.001452741567120192e-02
4.442644609328205013e-02
-1.044145920822612400e-01
-4.207355534458194490e-02
4.656574414167203441e-02
-1.217726395370851977e-01
-5.053459128076309703e-02
-4.631056592310753978e-02
-7.971052610763232349e-02
