4.727524530992587015e-03
-3.084140773645779356e-03
4.144246636589910861e-03
-1.573947260725513464e-03
-1.563392822190824705e-02
-2.052860478107205663e-02
-2.507261796085920660e-02
-9.968562051557365578e-02
9.944911851176744255e-01
-1.221935655153748648e-02
-2.213308829480823900e-02
-6.593471057456455620e-02
2.560236152380586036e-02
-6.383907812954162098e-02
0.000000000000000000e+00
6.175771632493579771e-02
2.624614643862905120e-02
-9.596081209594591044e-02
-2.553922924203890638e-02
5.974436853326321739e-02
-1.100532767510273152e-01
-6.336077269514614474e-02
-2.694095320493104448e-02
-7.707611310273994321e-02
