4.981967614088074134e-03
-3.012037496284684316e-03
4.285444001672526933e-03
-1.509274342128301286e-03
-1.587408140881284291e-02
-2.001673492730787762e-02
-2.688228066166947414e-02
-1.003134623778117324e-01
9.943912120363153084e-01
-1.188600515046763298e-02
-2.299688296663783202e-02
-6.630556306202751993e-02
2.643025052791005830e-02
-6.340759772454751531e-02
0.000000000000000000e+00
6.141958596803467896e-02
2.725345889405791228e-02
-9.634012467316901973e-02
-2.630233206522780698e-02
5.926001061496478928e-02
-1.112044191622257872e-01
-6.289674443936157933e-02
-2.793452851180772828e-02
-7.732549025917580254e-02
