-1.545013641459843821e-03
8.773590958961905925e-04
-3.498542548668599587e-04
2.071649030523309363e-04
-4.804625789224357827e-04
6.388401568078384829e-03
1.775688383806345305e-02
-5.860863303743926722e-03
9.998047467796405963e-01
-2.594160234698448262e-04
6.046848090013789891e-04
-3.318896585062236070e-03
-5.942445799177307336e-02
4.125332365512714844e-02
0.000000000000000000e+00
-4.030910922530465262e-02
-5.774301849754661514e-02
-5.633626507128382255e-02
5.758661763830292407e-02
-4.027516257429725882e-02
-5.403501473866137439e-02
4.004895480979574901e-02
5.788161273702563392e-02
-4.844996188847398855e-02
