-9.112521665082635395e-04
-2.484917454580563845e-03
4.843503760476143625e-04
-2.143661562089606027e-03
-7.522146906666146195e-03
-1.586464520170061468e-02
1.165882026779345784e-02
-6.168275576919271530e-02
9.979016096706657679e-01
-1.135559653713029069e-02
-2.309930382074005650e-03
-4.171706257499013804e-02
-3.919822389486178615e-02
-5.968337370997528479e-02
0.000000000000000000e+00
5.654272437697036718e-02
-3.733437872400735547e-02
-7.822419674148953228e-02
3.657667864104579419e-02
5.732554460782794681e-02
-7.983630209543100820e-02
-5.856857304309714268e-02
3.828415572312608706e-02
-6.393271425568428090e-02
