-2.014229681100259718e-03
1.855977833304535673e-05
-6.677019743653240299e-04
-5.603383122627149946e-04
-2.480347911715919708e-03
5.857401977903273693e-04
2.026847137167724078e-02
-2.604082769921298515e-02
9.994552122378551617e-01
-2.917781048531216306e-03
2.036731354369288646e-03
-1.701639105072668204e-02
-7.205629062504440019e-02
-1.389215995343108349e-04
0.000000000000000000e+00
-5.558226810739941640e-04
-6.947200176681793404e-02
-6.376704305792467442e-02
6.941038744439800845e-02
2.938458563244350161e-05
-6.167659218086437439e-02
-1.695190660918641061e-04
7.025205166446711613e-02
-5.317413466546403594e-02
