-1.949948153632395827e-03
2.595832443151964083e-04
-6.466766264566626947e-04
-3.633186640060275777e-04
-1.989365548389998659e-03
2.195430536499896109e-03
1.999172754417703757e-02
-2.158102322420473243e-02
9.995647904719109356e-01
-2.137852842770294071e-03
1.843362177935894833e-03
-1.392384003046522045e-02
-7.150788905760663283e-02
9.291665822316347995e-03
0.000000000000000000e+00
-9.597607951996146164e-03
-6.903922952837743265e-02
-6.205270997090061441e-02
6.899279410220816866e-02
-9.138771019137801113e-03
-5.986293114941882570e-02
9.008268763183538766e-03
6.969249951900588491e-02
-5.204240785334910552e-02
