-1.950499605961142878e-03
-9.962619006735732880e-04
-4.749929536048106034e-04
-1.297514610050611202e-03
-4.408869328526498696e-03
-6.134413528804788171e-03
1.928113412118583753e-02
-4.147168103518653060e-02
9.989347859143627995e-01
-6.323818263614884409e-03
1.686835584298336521e-03
-2.779773748679070094e-02
-6.495536956827338559e-02
-3.074057110447214053e-02
0.000000000000000000e+00
2.874595650658431228e-02
-6.235851469919659329e-02
-6.988900399541433939e-02
6.207767124168878797e-02
2.966874184604305353e-02
-6.863335026477941636e-02
-3.004099606141634460e-02
6.342897578253611779e-02
-5.747615259074832783e-02
