-1.658886918068396953e-03
7.645262903864078093e-04
-4.480294289466363105e-04
9.247882237065706387e-05
-8.082398597855304078e-04
5.608586038329707070e-03
1.841871968915198901e-02
-9.590667426269367662e-03
9.997686300469633691e-01
-5.828087566660755886e-04
9.470244120507472331e-04
-5.776923568120081141e-03
-6.372787464917750722e-02
3.409585094138319061e-02
0.000000000000000000e+00
-3.342172660059773009e-02
-6.180988689488368937e-02
-5.763535195059401456e-02
6.169962669995118776e-02
-3.329637882651177022e-02
-5.534406612571197981e-02
3.310570598522828006e-02
6.207445164760327927e-02
-4.924740164288705230e-02
