2.361660825081105669e-03
-3.509948687723174997e-03
2.763863550268715660e-03
-2.242496353145005065e-03
-1.255234650541853583e-02
-2.261790527858208860e-02
-1.017128972386538779e-02
-8.701530153283724978e-02
9.958982440617675236e-01
-1.419754882035422112e-02
-1.417164978264025960e-02
-5.821698786343671578e-02
4.774577306874652760e-03
-6.986568053196488826e-02
0.000000000000000000e+00
6.695233825231497460e-02
5.537103345463116263e-03
-8.949859909186651252e-02
-5.990511216089596316e-03
6.613869067485977915e-02
-9.853990670030181309e-02
-6.908800213895742448e-02
-5.549562238997355831e-03
-7.280439523701062732e-02
