2.042651504023586684e-03
-3.506538278710349087e-03
2.563631121200875534e-03
-2.295182400844004902e-03
-1.212734351379966130e-02
-2.255983893162625056e-02
-8.110720165994050185e-03
-8.512769051304613921e-02
9.960815961524853712e-01
-1.426369208004241509e-02
-1.305829163651824748e-02
-5.703557518831707529e-02
1.483395701611436249e-03
-7.015989348905245226e-02
0.000000000000000000e+00
6.716045301279885416e-02
2.295916832645422505e-03
-8.860286204973183422e-02
-2.853331931038405843e-03
6.651403545390065231e-02
-9.694172437290661526e-02
-6.933927817973231655e-02
-2.215562236173127843e-03
-7.214058881261227463e-02
