3.989157181453401903e-03
-3.296192828292954929e-03
3.732409203448757307e-03
-1.832341112786668160e-03
-1.466953938389612203e-02
-2.158747921044274973e-02
-2.050405311672528694e-02
-9.587295389695484060e-02
9.949482103397128130e-01
-1.308521914096442626e-02
-1.970554734886444462e-02
-6.365079583610361302e-02
1.961554730557093715e-02
-6.637440057565877072e-02
0.000000000000000000e+00
6.399684354057559588e-02
2.026773085730212282e-02
-9.391087283893011228e-02
-1.998596276233437219e-02
6.234721299935026828e-02
-1.064892220154260577e-01
-6.579978809897411851e-02
-2.074048056010758048e-02
-7.585255814648179939e-02
