-1.977410771925321165e-03
1.727354691133409790e-04
-6.581938132751833682e-04
-4.355133121549661576e-04
-2.169441948686832468e-03
1.614516932138612476e-03
2.011886651960394234e-02
-2.324729406064667339e-02
9.995259815852214347e-01
-2.416838954652694282e-03
1.927252747587260718e-03
-1.507661248304591715e-02
-7.185852932229748469e-02
5.761030739348924415e-03
0.000000000000000000e+00
-6.211597879446095934e-03
-6.934078284774362888e-02
-6.268953667176130340e-02
6.929130668540328664e-02
-5.705046859919105616e-03
-6.053143999702251254e-02
5.573436118202118421e-03
7.004304900875590878e-02
-5.245934084863526636e-02
