-1.499568764205231382e-03
-1.876124402122029749e-03
-1.664132217382869732e-05
-1.834711618518614301e-03
-6.138566364942883019e-03
-1.190429392061272650e-02
1.584421967978462409e-02
-5.326072362014137862e-02
9.983839661214765071e-01
-9.320807578100510568e-03
-7.073568058952724668e-05
-3.597473451685570534e-02
-5.167356541919881224e-02
-4.962066404117129736e-02
0.000000000000000000e+00
4.684180894658473981e-02
-4.942859601244589673e-02
-7.470844109897790963e-02
4.886307139249277537e-02
4.779284464491970891e-02
-7.483049536191259399e-02
-4.859358572878545030e-02
5.050605998443889744e-02
-6.114286209517990484e-02
