-2.042053166848511406e-03
-5.107903352461185247e-04
-6.155303233959699260e-04
-9.614536146079639403e-04
-3.497685118144458136e-03
-2.928971464217917844e-03
2.014921298029977506e-02
-3.454265039077548255e-02
9.991957944499251232e-01
-4.677736176857166979e-03
2.073511677689578604e-03
-2.295301933721498322e-02
-6.977336208499052006e-02
-1.758873126567442324e-02
0.000000000000000000e+00
1.615691729745481406e-02
-6.710898890446941045e-02
-6.710954541734680256e-02
6.695648952330536530e-02
1.695664959759921389e-02
-6.536686919714927713e-02
-1.718222686765298601e-02
6.808277534761615624e-02
-5.547112531458351509e-02
