-1.561633270679165051e-03
8.626001984932230937e-04
-3.647363361915849323e-04
1.917319668078469944e-04
-5.259571080435949779e-04
6.285683816769055410e-03
1.785448261747678983e-02
-6.391161411345379004e-03
9.998004104246166479e-01
-3.009442161528797584e-04
6.542338276243097380e-04
-3.665531718873376709e-03
-6.008971876453325645e-02
4.026081580331696691e-02
0.000000000000000000e+00
-3.935369780895578429e-02
-5.837292818851737286e-02
-5.651834888743498264e-02
5.822370556713752504e-02
-3.930729886761324954e-02
-5.421846307200808845e-02
3.908643820131654789e-02
5.852938765977238472e-02
-4.856130205962439633e-02
