-1.907777616593956706e-03
3.686827069865483567e-04
-6.249318723429728249e-04
-2.704885756072991187e-04
-1.756628772334261528e-03
2.926946097006900491e-03
1.978323371111006743e-02
-1.937089721371081444e-02
9.996123373546430546e-01
-1.791213614609249612e-03
1.713203232857182269e-03
-1.240081379281081884e-02
-7.077058192427841676e-02
1.397035587395809540e-02
0.000000000000000000e+00
-1.408648892894753986e-02
-6.837771515138317546e-02
-6.121549655648662186e-02
6.833056074528208457e-02
-1.369123787314026341e-02
-5.899230711668331656e-02
1.355802496416881435e-02
6.896344705527678032e-02
-5.150022349909358366e-02
