1.160900517885445331e-03
-3.410017282509715270e-03
1.989446384212270255e-03
-2.386667078708072046e-03
-1.090844716368323704e-02
-2.188438996828986904e-02
-2.353788874472870739e-03
-7.949367860319445089e-02
9.965923380278327581e-01
-1.414714922934666615e-02
-9.933248253101578315e-03
-5.346194974981218623e-02
-8.486845467765307197e-03
-7.005256668482910676e-02
0.000000000000000000e+00
6.686190427594136676e-02
-7.477591520541729958e-03
-8.599269396897561701e-02
6.706606443965049125e-03
6.667743797302597142e-02
-9.235340169367249608e-02
-6.911293882974270386e-02
7.817880487172251466e-03
-7.015177558765564592e-02
