-1.236258686525754059e-03
-2.185792350606420836e-03
2.149118225274611836e-04
-1.999544093010819333e-03
-6.811505272783257604e-03
-1.392211300826850899e-02
1.394986678233078349e-02
-5.745486983480189991e-02
9.981535522746018962e-01
-1.036350695871946295e-02
-1.077770067648437229e-03
-3.884728355069407002e-02
-4.571062078254702760e-02
-5.502276368777923865e-02
0.000000000000000000e+00
5.203966213728539181e-02
-4.364612066537172652e-02
-7.645066188801065421e-02
4.297883423414956827e-02
5.292891591543334717e-02
-7.725787690946933628e-02
-5.393667661793830753e-02
4.467391988745184755e-02
-6.251658380434937934e-02
