-2.041601546102457618e-03
-1.815791522904809164e-04
-6.620462734656535611e-04
-7.166659254330423829e-04
-2.871721354152018731e-03
-7.459108815207109383e-04
2.033192935984692862e-02
-2.941991258026616443e-02
9.993600577415691077e-01
-3.577006093760889006e-03
2.109608502892492635e-03
-1.937175283057306074e-02
-7.165697183587527164e-02
-7.195251640077601762e-03
0.000000000000000000e+00
6.204780374643481186e-03
-6.901880224545611786e-02
-6.508512709184674505e-02
6.893065419298317897e-02
6.881019435300202505e-03
-6.310477072610137794e-02
-7.043724804562204525e-03
6.988438675539426770e-02
-5.406522340298723639e-02
