3.034619000520683875e-03
-3.467086469334436632e-03
3.174699303335192478e-03
-2.100860600820642771e-03
-1.343333501696160337e-02
-2.244656448182682368e-02
-1.448314041298558348e-02
-9.080240007166867633e-02
9.955105798171939302e-01
-1.388730422258064624e-02
-1.649022886869322413e-02
-6.056249310858841106e-02
1.125883083423743006e-02
-6.879148080236389962e-02
0.000000000000000000e+00
6.608199065955050466e-02
1.195012631101030273e-02
-9.133922778111200347e-02
-1.213895174980896864e-02
6.491749651693230760e-02
-1.018561865471156735e-01
-6.810075347859151362e-02
-1.215420721818601633e-02
-7.412526402553222538e-02
