-1.993546134606570368e-03
1.124683895035499728e-04
-6.634852909877760919e-04
-4.847950583966549121e-04
-2.292171377010931987e-03
1.212020944596648797e-03
2.018847530558567568e-02
-2.436225257070268393e-02
9.994985928553111743e-01
-2.611848197497499205e-03
1.975863303903049005e-03
-1.584984438199353585e-02
-7.199564665795224472e-02
3.401781495455034627e-03
0.000000000000000000e+00
-3.949626179100552449e-03
-6.944896467385421046e-02
-6.311817171409668525e-02
6.939570673127248845e-02
-3.411422705258163393e-03
-6.098476543950793333e-02
3.277447192900437983e-03
7.018297128488755476e-02
-5.274225520654113319e-02
