-5.808945629292797813e-04
-2.726394459990401711e-03
7.452744149580947750e-04
-2.246176867513367467e-03
-8.162698888933577271e-03
-1.742848782636757105e-02
9.366851106384726372e-03
-6.533273953710853899e-02
9.976673509026007247e-01
-1.213954422423364418e-02
-3.551544413228964296e-03
-4.417106818973186994e-02
-3.324914363826246555e-02
-6.304475030513659317e-02
0.000000000000000000e+00
5.981026868425766418e-02
-3.156748873627743257e-02
-7.977167231343024190e-02
3.074879692244737034e-02
6.046382359995727124e-02
-8.217467635448047480e-02
-6.192902444145752944e-02
3.242800907841261737e-02
-6.517732135314903419e-02
