2.003143724568307828e-19
4.941350447793206763e-20
1.732237802862835471e-21
1.173394609560295708e-21
2.675476115328692739e-08
-1.358640424384323297e-20
2.393334861045775882e-20
-6.464018379626602050e-04
9.999997910823101854e-01
-4.481499012998592425e-23
-1.773759183501074937e-23
-3.199945357038216594e-06
-5.080090981227913804e-02
4.918494880169349548e-02
0.000000000000000000e+00
-4.918494880169349548e-02
-5.080090981227913804e-02
-5.000063019151282373e-02
5.080090981227913804e-02
-4.918494880169349548e-02
-5.000063019151282373e-02
4.918494880169349548e-02
5.080090981227913804e-02
-5.000063019151282373e-02
