6.586245004140737352e-03
-2.534336362524833384e-03
5.094400507558756973e-03
-8.953859381965508912e-04
-1.813267939840704918e-02
-1.865265256701991239e-02
-3.667513883718188927e-02
-1.092147823108891719e-01
9.931662217716994423e-01
-1.017128635140100712e-02
-2.826325737870790181e-02
-7.152052224913565959e-02
3.917807639136739600e-02
-5.480125980500459570e-02
0.000000000000000000e+00
5.398198136519304080e-02
3.965678174273275236e-02
-1.020253108140401210e-01
-3.784948366314046242e-02
5.085158532862493752e-02
-1.184870814680019369e-01
-5.484699079483819351e-02
-4.124478595056968455e-02
-7.885324149677769290e-02
