1.938896121598643980e-03
-3.501959169510830087e-03
2.497713162847007076e-03
-2.310160650792609811e-03
-1.198784512382248223e-02
-2.252033301823632566e-02
-7.437856573160224645e-03
-8.449943160100295558e-02
9.961412344388984597e-01
-1.427324361371554509e-02
-1.269416119491232481e-02
-5.664055958091899351e-02
3.812393750196273450e-04
-7.022152893206511093e-02
0.000000000000000000e+00
6.719573856602265027e-02
1.212227699160882801e-03
-8.830757486585176508e-02
-1.800484079670911343e-03
6.660376149568024429e-02
-9.641735105632601166e-02
-6.938684944876941096e-02
-1.101481755737717056e-03
-7.191906854469927446e-02
