7.383185327824293327e-03
-1.986930612429790508e-03
5.451490212741091045e-03
-4.126415226131437824e-04
-1.937019638762071949e-02
-1.607395923904147983e-02
-4.143712837179675673e-02
-1.137016983223322758e-01
9.925202849439894726e-01
-8.297075036452675190e-03
-3.072920097175103199e-02
-7.407382264693201934e-02
4.466271164649266573e-02
-4.963582257165235351e-02
0.000000000000000000e+00
4.930579225866704024e-02
4.517294947918840120e-02
-1.048288372196674173e-01
-4.274296600847064115e-02
4.580720182952904146e-02
-1.223050678845583189e-01
-4.977243408897669141e-02
-4.711272807681551184e-02
-7.983978375594413812e-02
