4.146032467448219905e-03
-3.260481584023800210e-03
3.821525572116572528e-03
-1.789575266946175081e-03
-1.484684232223727231e-02
-2.137028050176205396e-02
-2.155023186298955437e-02
-9.650119492629499751e-02
9.948700508085086547e-01
-1.291917565509807277e-02
-2.023587613903029062e-02
-6.402959201861378735e-02
2.059533556789734654e-02
-6.600516339150883094e-02
0.000000000000000000e+00
6.368599072302126574e-02
2.129112617861054699e-02
-9.424635841862111230e-02
-2.090120611737690190e-02
6.195080044949380360e-02
-1.072245390594988163e-01
-6.543308958574621526e-02
-2.178607041961954857e-02
-7.608165503860318812e-02
