4.416438931531045838e-03
-3.187188304769701316e-03
3.973573176306876426e-03
-1.702230668338995364e-03
-1.518095940647384672e-02
-2.097134492367760950e-02
-2.327252228386866156e-02
-9.777106070553212569e-02
9.947157443647678399e-01
-1.260734938436696047e-02
-2.113311174858838182e-02
-6.479155540041652006e-02
2.257951772980827665e-02
-6.520299654008926415e-02
0.000000000000000000e+00
6.298703507201780516e-02
2.330631730174397703e-02
-9.492398687152238390e-02
-2.274584757031252943e-02
6.111442988875280535e-02
-1.085161807353312996e-01
-6.465242054182464282e-02
-2.386336633443396707e-02
-7.650938132886347942e-02
