-1.705514643561270452e-03
7.092560644169144165e-04
-4.855455697489173029e-04
3.863545243684009354e-05
-9.555135793351014414e-04
5.230204830783184017e-03
1.868457400992527134e-02
-1.120180604422411214e-02
9.997489940944391806e-01
-7.455122573359468634e-04
1.089005461583254352e-03
-6.852041985446815850e-03
-6.531301431312164230e-02
3.089128675508390903e-02
0.000000000000000000e+00
-3.034000153893620655e-02
-6.330186346071484116e-02
-5.820902554557243896e-02
6.320814397712141985e-02
-3.017267891767135696e-02
-5.592319820774231676e-02
2.999555497373038171e-02
6.362077466261999159e-02
-4.960228137455831299e-02
