6.532571842241723450e-03
-1.605039322944100399e-02
-1.302130063116530045e-04
-2.646873660149814478e-04
1.123441339601252027e-05
9.053350056143780744e-01
-3.923392455290241054e-01
1.559580801714114673e-01
4.599479596843272788e-02
1.000007706810120078e+00
9.999989663823342312e+00
9.999957197333707581e-01
-1.055159960856099678e-02
-1.510878864833649707e-02
-1.328714045907944744e-02
-9.874665232797241038e-03
9.884481894521660386e-03
9.488143757726847510e-03
1.349696451007753074e-02
-4.993442520533958665e-03
1.178077377673376891e-02
1.385776942716748089e-02
-3.066184571236181544e-02
-1.062858556054533006e-02
