-1.277561457463835667e-03
-2.142011494525727748e-03
1.795155863758980783e-04
-1.977130059913435878e-03
-6.713104547007352728e-03
-1.363725826069591383e-02
1.424432385935165205e-02
-5.685361751957736243e-02
9.981877531806621073e-01
-1.021688349766648046e-02
-9.203680503323259481e-04
-3.843697525648926555e-02
-4.659819196915061801e-02
-5.429497313423872068e-02
0.000000000000000000e+00
5.133832529685729978e-02
-4.450650883184668199e-02
-7.619991566446701614e-02
4.385327751890526204e-02
5.223904837527190703e-02
-7.690210949137500640e-02
-5.321546091135968132e-02
4.554313566372685668e-02
-6.231766011266530458e-02
