4.481986722721723916e-03
-3.161097790243721888e-03
4.009248038212885959e-03
-1.664693673998549105e-03
-1.531975611330591534e-02
-2.090649388543870668e-02
-2.357234463600763053e-02
-9.847736695587164246e-02
9.946403728379509257e-01
-1.252605877723038559e-02
-2.133436827704125391e-02
-6.520572542372789215e-02
2.362746345773166293e-02
-6.476035699861212858e-02
0.000000000000000000e+00
6.257538860025699257e-02
2.427652314362340608e-02
-9.527256703065363486e-02
-2.371356858956902638e-02
6.068061226527902974e-02
-1.088725540762917193e-01
-6.424626304276652433e-02
-2.489366700396736590e-02
-7.667199643973450496e-02
