2.805263014104889246e-03
-3.489098119236797892e-03
3.036384987401668720e-03
-2.153605201277667119e-03
-1.313498296612992250e-02
-2.254794613937711328e-02
-1.301873212323664646e-02
-8.953837228636030154e-02
9.956429995872557726e-01
-1.401803901238341150e-02
-1.570460583474156749e-02
-5.978332380373943544e-02
9.114820490451036594e-03
-6.922082281042393759e-02
0.000000000000000000e+00
6.643877546354907959e-02
9.825298492339356454e-03
-9.071791405768961369e-02
-1.011107829273625788e-02
6.539338683246467832e-02
-1.007328515887627035e-01
-6.850114661911550773e-02
-9.964726113971700272e-03
-7.368640507263396477e-02
