-1.793453059766795870e-03
5.859719600500221375e-04
-5.514694075671122903e-04
-7.723968798152111462e-05
-1.262754345685638798e-03
4.391890724644168312e-03
1.917557782217422027e-02
-1.444681308294578151e-02
9.997021046805867339e-01
-1.116454683393706656e-03
1.359171779408513804e-03
-9.038488612763384208e-03
-6.799780022171390825e-02
2.427778553426896899e-02
0.000000000000000000e+00
-2.398366780345204119e-02
-6.581643603876896620e-02
-5.938499856929235071e-02
6.574904790243367436e-02
-2.372818890772487171e-02
-5.711527410067005622e-02
2.357404681043735392e-02
6.624368069188196761e-02
-5.033636260414763031e-02
