-1.674599728820485873e-03
7.465699575077070068e-04
-4.608551899942055132e-04
7.483968558248445268e-05
-8.568694240798452539e-04
5.485445560189587677e-03
1.850867893711323833e-02
-1.012687072069611352e-02
9.997623643548576577e-01
-6.353936689567547293e-04
9.947607204707025440e-04
-6.133903261382534985e-03
-6.427391072416499540e-02
3.303602795550002191e-02
0.000000000000000000e+00
-3.240239965589210291e-02
-6.232429610030281592e-02
-5.782548249611914326e-02
6.221978263000699921e-02
-3.226323287495286990e-02
-5.553588238200363875e-02
3.207720813500873625e-02
6.260697038332189990e-02
-4.936480712022531248e-02
