8.916163292491316710e-04
-3.351858432443534635e-03
1.807786224841652269e-03
-2.396375015025594985e-03
-1.052170532040903363e-02
-2.149764841382346969e-02
-5.759180211047611924e-04
-7.762381274272989184e-02
9.967507527593798544e-01
-1.400824118601816902e-02
-8.964798390648811427e-03
-5.226036058481960817e-02
-1.181270085712633408e-02
-6.968542796279381113e-02
0.000000000000000000e+00
6.645266647838961316e-02
-1.072511764198604521e-02
-8.514694159073882274e-02
9.913000303727832752e-03
6.640630203728170589e-02
-9.090982610822456733e-02
-6.870993921259198334e-02
1.114695087581948733e-02
-6.949317698193133164e-02
