-1.626998745931275457e-03
7.990486383119859608e-04
-4.214479245289400370e-04
1.268226555657989520e-04
-7.123498668524249440e-04
5.845981147423367878e-03
1.823507529718067927e-02
-8.520790842656531666e-03
9.997803272003035202e-01
-4.825110031727360290e-04
8.505041003175085055e-04
-5.067241184654778553e-03
-6.258351136165611617e-02
3.618893748470373289e-02
0.000000000000000000e+00
-3.543521502978959348e-02
-6.073044851465565080e-02
-5.725843669357212617e-02
6.060802800219904085e-02
-3.533695924601568117e-02
-5.496407623981235113e-02
3.513663241206631260e-02
6.095884656229594994e-02
-4.901522939402009477e-02
