-1.426532974997153213e-03
9.683630201149144795e-04
-2.384485342453059986e-04
3.062095350264553719e-04
-1.741060699717560806e-04
7.028757164984161809e-03
1.705216214239449121e-02
-2.172367545166886162e-03
9.998275357071507718e-01
-9.897187696210171028e-06
2.558455496275505994e-04
-9.371074861893769099e-04
-5.431887737210441824e-02
4.788532328112864167e-02
0.000000000000000000e+00
-4.669616189494139175e-02
-5.289819969624864893e-02
-5.509605687337457147e-02
5.268694608653892719e-02
-4.674323128486881918e-02
-5.278346875605363642e-02
4.647795536267697314e-02
5.291370518911361898e-02
-4.769404513817919467e-02
