-1.750461658299452090e-03
6.497530648585522154e-04
-5.200833544907414088e-04
-1.795689592780423080e-05
-1.106989930552811519e-03
4.824744775229544355e-03
1.893743371272003234e-02
-1.282052545570698185e-02
9.997268274730201076e-01
-9.232762034834150148e-04
1.226739543818768140e-03
-7.939405713247424737e-03
-6.673736372313503196e-02
2.761589152066867836e-02
0.000000000000000000e+00
-2.719136183418833716e-02
-6.463833961857366750e-02
-5.879235451837148962e-02
6.455896675173247723e-02
-2.698060269199507866e-02
-5.651351378822966343e-02
2.681572617099103883e-02
6.501154377047467514e-02
-4.996522454217540432e-02
