-1.834202789668237972e-03
5.178787239798319673e-04
-5.795267895400102150e-04
-1.391441772926183115e-04
-1.422892104998225863e-03
3.931399639103312291e-03
1.939720003311557264e-02
-1.608065215589342747e-02
9.996747997994118728e-01
-1.325350500711412966e-03
1.485186485572804072e-03
-1.014876591750127170e-02
-6.909161052779215495e-02
2.088522724569801328e-02
0.000000000000000000e+00
-2.072489645285675863e-02
-6.683367581576235561e-02
-5.998662214830910444e-02
6.677575063221431739e-02
-2.042361305060663018e-02
-5.772877176048865633e-02
2.027847519117410846e-02
6.731450064705302161e-02
-5.071582493809412978e-02
