6.443922519982826259e-03
-2.616967244409212912e-03
5.025621188738004473e-03
-9.670357350315317204e-04
-1.794504579845363976e-02
-1.908599918679110274e-02
-3.577874221468690941e-02
-1.085847839758704303e-01
9.932597600474362132e-01
-1.046890363306486257e-02
-2.781034806472817977e-02
-7.115820545856599288e-02
3.837557041954297449e-02
-5.547419830432322174e-02
0.000000000000000000e+00
5.458481957373859800e-02
3.881026550222169136e-02
-1.016425214065591470e-01
-3.712746730475366408e-02
5.152122484535980040e-02
-1.178336106407681383e-01
-5.551842076106458523e-02
-4.036254706636401013e-02
-7.868846943815077655e-02
