-1.442901209071522153e-03
1.000498782539854803e-03
-2.191269268924323703e-04
3.832049117977418006e-04
-1.207656607309504348e-04
6.623266165425703567e-03
1.729851236402108611e-02
-1.099895338476494918e-03
9.998278272010326928e-01
4.992784202681078981e-05
1.662821221885023629e-04
-2.607904179418049726e-04
-5.281935275991807288e-02
4.989910037326022313e-02
0.000000000000000000e+00
-4.844256950201757117e-02
-5.148603176657722685e-02
-5.471777362177462217e-02
5.118117786809837921e-02
-4.857421895678878943e-02
-5.257310541809571275e-02
4.825203978679051126e-02
5.133838454126006534e-02
-4.750869608158044682e-02
