6.918486806764666958e-03
-2.324278563958853943e-03
5.245978015606426841e-03
-7.019839727263718805e-04
-1.864780898683260010e-02
-1.769424082119330430e-02
-3.863453183849936690e-02
-1.111332222856300511e-01
9.928966178287618183e-01
-9.449934981782141807e-03
-2.929216389567314976e-02
-7.261828416849280821e-02
4.162062542392844927e-02
-5.265190636233604143e-02
0.000000000000000000e+00
5.203837910412975609e-02
4.208387101973020544e-02
-1.032101713679186988e-01
-4.004037410407316339e-02
4.875125429588560849e-02
-1.200712888483938118e-01
-5.275050622240964882e-02
-4.383093774433614170e-02
-7.928099616696911156e-02
