-1.193695768337586956e-03
-2.229359865777346284e-03
2.510822860056861677e-04
-2.021536045955206213e-03
-6.910675167846958358e-03
-1.420544096262017948e-02
1.364730483875502103e-02
-5.805681082623094513e-02
9.981189123718591238e-01
-1.050910345212167050e-02
-1.239773137197904950e-03
-3.925753489226901927e-02
-4.481182400373337482e-02
-5.573540399063201672e-02
0.000000000000000000e+00
5.272680311467851239e-02
-4.277492100297035360e-02
-7.670204530566765433e-02
4.209380851393166451e-02
5.360367457552166898e-02
-7.761672681937945018e-02
-5.464336213382163521e-02
4.379331258152949213e-02
-6.271637439133846692e-02
