-2.020132658198700408e-03
-1.366742369464851170e-05
-6.680872697056922842e-04
-5.859285106783046482e-04
-2.544175082527365666e-03
3.710438427044589400e-04
2.028828023122395546e-02
-2.660198310095368210e-02
9.994401345287383664e-01
-3.023304865431829594e-03
2.053588616729029245e-03
-1.740695140023656995e-02
-7.203786444684290302e-02
-1.318362772663044880e-03
0.000000000000000000e+00
5.744536540596204260e-04
-6.944260590419773505e-02
-6.398487191138967078e-02
6.937748253631480233e-02
1.175152191185834362e-03
-6.191043324439123030e-02
-1.318070652413997571e-03
7.023754893334722971e-02
-5.332010942011684851e-02
