-3.331561827800292100e-04
-2.876580269238968469e-03
9.343185349000397971e-04
-2.301672433368000172e-03
-8.606525208927493648e-03
-1.839968806790013081e-02
7.666935711876460280e-03
-6.777907327129156778e-02
9.975012114289779630e-01
-1.261585988330717056e-02
-4.475835776116904308e-03
-4.580259745039690772e-02
-2.912728391047221532e-02
-6.494519686430648420e-02
0.000000000000000000e+00
6.167076717574975636e-02
-2.756942356600988395e-02
-8.081871009168076214e-02
2.672220199273738980e-02
6.221792846704019692e-02
-8.380287233022984394e-02
-6.384048853816903790e-02
2.835927764401486098e-02
-6.602128820632796602e-02
