-1.594556452486809318e-03
8.317330971384541546e-04
-3.936674103107897361e-04
1.599105491039968965e-04
-6.182641419016429848e-04
6.071634925693340790e-03
1.804684742519708368e-02
-7.454288664963506020e-03
9.997909182063219324e-01
-3.886014151241075354e-04
7.528182322663456300e-04
-4.363391767745678114e-03
-6.137038643300576912e-02
3.824468520081654443e-02
0.000000000000000000e+00
-3.741327760752517079e-02
-5.958441440138393524e-02
-5.688606804648159432e-02
5.944898854184527820e-02
-3.734135094837739977e-02
-5.458889338176991374e-02
3.713094224324511861e-02
5.977676011501539127e-02
-4.878654262240092465e-02
