-1.623898297092345221e-03
-1.697391005503053225e-03
-1.320684022062650347e-04
-1.733387081355222334e-03
-5.770290386110248776e-03
-1.073650357989494597e-02
1.675675366534688793e-02
-5.087958644346348563e-02
9.985064879012153227e-01
-8.714373514674900872e-03
4.081604024403471826e-04
-3.433394545782109814e-02
-5.480098652834715367e-02
-4.622634084645271813e-02
0.000000000000000000e+00
4.358284132826980434e-02
-5.246451142020831099e-02
-7.372611056411608466e-02
5.195893596272312120e-02
4.455075594722966714e-02
-7.350713807371953012e-02
-4.524644418996068979e-02
5.355778639708687339e-02
-6.037814700517277894e-02
