-1.594533782013304781e-03
-1.742093480929602679e-03
-1.043534532570115491e-04
-1.759126470696434699e-03
-5.861274660018640087e-03
-1.102878888496111424e-02
1.653985703008458916e-02
-5.147379918928174369e-02
9.984764628884231774e-01
-8.866279539330345488e-03
2.948169922272012716e-04
-3.474402260929335823e-02
-5.403940962017776684e-02
-4.709482570801750562e-02
0.000000000000000000e+00
4.441631004888200313e-02
-5.172493351755173829e-02
-7.397081382450215736e-02
5.120435929071182057e-02
4.538119207580545988e-02
-7.383378721623252983e-02
-4.610222992381515783e-02
5.281509994845889205e-02
-6.056790442153344584e-02
