-1.962692013409503798e-03
-9.541004139150687131e-04
-4.903596058346612998e-04
-1.269444598909610922e-03
-4.329462038185962272e-03
-5.856642012140018602e-03
1.938418489934565572e-02
-4.089003323301908244e-02
9.989584367241373108e-01
-6.180207994549430719e-03
1.736018319480050250e-03
-2.739160917344092561e-02
-6.545338474121742411e-02
-2.968632012555974878e-02
0.000000000000000000e+00
2.773675497698119621e-02
-6.284651322072327961e-02
-6.965407921592635387e-02
6.257801058702376629e-02
2.865169143027223447e-02
-6.834928083710677116e-02
-2.900873136824699827e-02
6.391130250580052963e-02
-5.730337928269715192e-02
