-2.044674929978430433e-03
-4.725985911987017735e-04
-6.230796321191352629e-04
-9.337896011508149728e-04
-3.425764526286636212e-03
-2.676129939080480660e-03
2.018770765203685078e-02
-3.397028680221722552e-02
9.992153493631291683e-01
-4.549211692300486956e-03
2.087236249782556743e-03
-2.255258168477444758e-02
-7.005758397956612926e-02
-1.645106103827019897e-02
0.000000000000000000e+00
1.506780923574954981e-02
-6.739285355611790429e-02
-6.688195476751977731e-02
6.724893050870021927e-02
1.585486798169715578e-02
-6.510800409326185367e-02
-1.607158989333785232e-02
6.835597830325236546e-02
-5.531077830416984698e-02
