-2.044189582998460781e-03
-2.164875791660571161e-04
-6.591957712660589464e-04
-7.433235645398631516e-04
-2.938935948328069876e-03
-9.778009547084668199e-04
2.032895126039832925e-02
-2.998591664121586647e-02
9.993430954627801066e-01
-3.692860231664499282e-03
2.114759012207918613e-03
-1.976698390837771172e-02
-7.152329617983521626e-02
-8.364340738365163772e-03
0.000000000000000000e+00
7.324530147386761753e-03
-6.887895654153869396e-02
-6.530733721822219728e-02
6.878510507133812901e-02
8.015398425559568454e-03
-6.334880951449931019e-02
-8.183293624488253981e-03
6.975783999600887464e-02
-5.421731172271656435e-02
