5.234977615684008150e-03
-3.063607306208539303e-03
4.411163745032430777e-03
-1.416325213343438147e-03
-1.646101241369691062e-02
-2.121601831988719974e-02
-2.785943486990999710e-02
-1.035009801835118370e-01
9.940127159933276335e-01
-1.216535708956828846e-02
-2.379398055905266110e-02
-6.820029336430187550e-02
3.157440598872562204e-02
-6.045110532143340570e-02
0.000000000000000000e+00
5.884790155408613221e-02
3.175218330385046889e-02
-9.836164212363592008e-02
-3.098427246460685666e-02
5.648696761620567580e-02
-1.125399334153265596e-01
-6.034687360815796375e-02
-3.293039432191514210e-02
-7.770733360374020016e-02
