-1.994054083969569024e-03
-8.293105141168867446e-04
-5.323783493957067207e-04
-1.185135132702630489e-03
-4.095091300288609439e-03
-5.033819098825296177e-03
1.965833243132519143e-02
-3.914966622218470776e-02
9.990272840448309877e-01
-5.755698640689674121e-03
1.864120346976185991e-03
-2.617557000733038847e-02
-6.684429378835542168e-02
-2.647341319523759812e-02
0.000000000000000000e+00
2.466134189052052172e-02
-6.421209508210302952e-02
-6.895284055983866289e-02
6.397894511791700489e-02
2.554984386951456021e-02
-6.751044054883729995e-02
-2.586460015868432757e-02
6.525714145635158614e-02
-5.679124577963212683e-02
