-1.937413286715651680e-03
-1.038686492279240628e-03
-4.589369049427461842e-04
-1.325549164011805090e-03
-4.488924884967373727e-03
-6.413802637136074500e-03
1.917209435627139497e-02
-4.205408764978511155e-02
9.989107806234098774e-01
-6.468400043031579186e-03
1.634314918621428267e-03
-2.820422861769784906e-02
-6.444041524620006123e-02
-3.178599430858198432e-02
0.000000000000000000e+00
2.974675558953557286e-02
-6.185435462341877522e-02
-7.012451262379905403e-02
6.156090792837684567e-02
3.067688079803806978e-02
-6.891969353292906608e-02
-3.106491797666049298e-02
6.293002053606253088e-02
-5.764995378772538870e-02
