-7.521827205247712516e-04
-2.607782250042843530e-03
6.113821225103513056e-04
-2.197614677288163999e-03
-7.838709383170652453e-03
-1.666076558702777113e-02
1.055126193542909457e-02
-6.350478514127523566e-02
9.977866665905015253e-01
-1.175682584062178598e-02
-2.909092221351729755e-03
-4.294493614973076551e-02
-3.626180428902243957e-02
-6.143934805407302163e-02
0.000000000000000000e+00
5.824682035139185782e-02
-3.448824821418187275e-02
-7.899461498169833840e-02
3.369767760188926292e-02
5.896950713508855579e-02
-8.099022219486912144e-02
-6.032140654610460700e-02
3.539594662683141074e-02
-6.455166157656012926e-02
