-1.819540694556366980e-03
-1.341952987029928481e-03
-3.268094457862557364e-04
-1.519792877723101726e-03
-5.067797139288422563e-03
-8.407568954513321494e-03
1.823345189832631733e-02
-4.615197865219385076e-02
9.987326213169538391e-01
-7.503106561344526255e-03
1.168435876540078588e-03
-3.105842834896099108e-02
-6.037521798013412849e-02
-3.883383299874061667e-02
0.000000000000000000e+00
3.649587558051810288e-02
-5.788588155540500685e-02
-7.178922821395516962e-02
5.749780539229377985e-02
3.746173100212527030e-02
-7.099013149057403771e-02
-3.797655166967681128e-02
5.898432549539112113e-02
-5.889511955603871779e-02
