-1.779357311669937545e-03
6.077100178430804413e-04
-5.413684342577101656e-04
-5.718384598100460049e-05
-1.210351156440933476e-03
4.539235764007395514e-03
1.909794127134921415e-02
-1.390387724431063621e-02
9.997106312205797929e-01
-1.050329320312172856e-03
1.315684422495952627e-03
-8.670857941497678995e-03
-6.759604324880935655e-02
2.539694823057254622e-02
0.000000000000000000e+00
-2.505897050553654304e-02
-6.544149620907509235e-02
-5.918643636723553564e-02
6.537038564489361381e-02
-2.481852893960030323e-02
-5.691339827772924631e-02
2.466099010911114095e-02
6.585076806613673894e-02
-5.021173133304685648e-02
