3.507809393520852810e-03
-3.398359617328086321e-03
3.454703274701148921e-03
-1.978134046986532169e-03
-1.404458238088193527e-02
-2.210423945072005625e-02
-1.748854444747827142e-02
-9.333495617904183361e-02
9.952357205036755916e-01
-1.354007131387239757e-02
-1.809606669533496068e-02
-6.211239780463488624e-02
1.548244523054099001e-02
-6.772258377700429710e-02
0.000000000000000000e+00
6.517167771886263339e-02
1.615037101373532555e-02
-9.260757184616097426e-02
-1.611738320319854728e-02
6.376371019244272964e-02
-1.041573144444643828e-01
-6.708880677894733802e-02
-1.648563906171223933e-02
-7.499659048252857452e-02
