-2.038426383212126828e-03
-1.471067575093494475e-04
-6.643400789563190479e-04
-6.901690448657500296e-04
-2.805079660913369858e-03
-5.168134329292398479e-04
2.033088405351292025e-02
-2.885471216823141255e-02
9.993767025717413821e-01
-3.462834847675271260e-03
2.102363314891898035e-03
-1.897725417739663453e-02
-7.177153919827761186e-02
-6.023643616437683417e-03
0.000000000000000000e+00
5.082526082071320631e-03
-6.914034788215674132e-02
-6.486362497747787115e-02
6.905753715205974197e-02
5.743957712788769036e-03
-6.286248388093489126e-02
-5.901895224583832318e-03
6.999234471940003754e-02
-5.391416000768453620e-02
