-1.985704345116510918e-03
1.428374472479628009e-04
-6.610828994790084309e-04
-4.600424488870295684e-04
-2.230536664703000084e-03
1.414782260860922335e-03
2.015524180804478815e-02
-2.380436314558016797e-02
9.995124395994514632e-01
-2.513444594514744820e-03
1.952325079759449026e-03
-1.546276932242986700e-02
-7.193675808466243327e-02
4.581741707700679594e-03
0.000000000000000000e+00
-5.080871627847104860e-03
-6.940416102150884226e-02
-6.290345281105544362e-02
6.935297133057413688e-02
-4.558470864129112246e-03
-6.075732570432480772e-02
4.425846091746952690e-03
7.012239581267677713e-02
-5.260029973710114715e-02
