6.356661337407232574e-04
-3.283037167542698833e-03
1.631830710718763485e-03
-2.396893667558602347e-03
-1.014388294367880514e-02
-2.104742177101123421e-02
1.122806301204826119e-03
-7.575889727257491268e-02
9.969033728636123026e-01
-1.382844054248664849e-02
-8.038341091667396826e-03
-5.105456880789677188e-02
-1.512633126983482269e-02
-6.915210476957139862e-02
0.000000000000000000e+00
6.588894974711789754e-02
-1.395562010792747963e-02
-8.431196818273010984e-02
1.311495313739550334e-02
6.597221720113004284e-02
-8.949924057696537205e-02
-6.814419974592816898e-02
1.445478820354211512e-02
-6.883727392131427925e-02
