2.254000993043155446e-03
-3.510561297817148697e-03
2.696696603455935558e-03
-2.261360939196052112e-03
-1.240955782777793462e-02
-2.260876964077893070e-02
-9.477129747207116428e-03
-8.638563479050088978e-02
9.959601144869844047e-01
-1.422594242782478091e-02
-1.379693729609822450e-02
-5.782380023392554719e-02
3.680424848002902989e-03
-6.998190242075584544e-02
0.000000000000000000e+00
6.703866991977217027e-02
4.458630776390145635e-03
-8.919831670382874500e-02
-4.948703401407099009e-03
6.628143478044856707e-02
-9.800279088374985736e-02
-6.918982213431071338e-02
-4.439901234423518361e-03
-7.258327497941013950e-02
