6.356869595760355346e-03
-2.666842639374794426e-03
4.986254211217675154e-03
-1.020074318614597100e-03
-1.779101345105320656e-02
-1.926533896988074854e-02
-3.531201169317562533e-02
-1.079356885605714522e-01
9.933437449742722469e-01
-1.063295907277733536e-02
-2.754641399318593503e-02
-7.078425342022806599e-02
3.749695928902269798e-02
-5.616433165801863747e-02
0.000000000000000000e+00
5.521215100784049312e-02
3.798022741913260197e-02
-1.012534733458387154e-01
-3.633333567137853742e-02
5.219035750016071118e-02
-1.174085222357497821e-01
-5.617580208878306808e-02
-3.946629469922555838e-02
-7.855351600848058113e-02
