1.253513047373235479e-03
-3.426790891443291451e-03
2.051174286628717949e-03
-2.381262457281699794e-03
-1.103938408920642281e-02
-2.199741112760137535e-02
-2.963021722370166866e-03
-8.011806348097137709e-02
9.965382232057209411e-01
-1.418342175114621802e-02
-1.026481577923729106e-02
-5.386149177602883587e-02
-7.376895302236915683e-03
-7.013798374154661674e-02
0.000000000000000000e+00
6.696386894508118970e-02
-6.392552288024572205e-03
-8.627720689506965246e-02
5.638286646949592154e-03
6.673154719336923946e-02
-9.284282950699991599e-02
-6.921094161838113601e-02
6.704875454635516631e-03
-7.037171876286572869e-02
