3.151132006294077303e-03
-3.453049538084894919e-03
3.244306597048995065e-03
-2.072356665521774867e-03
-1.358431063938988353e-02
-2.237867233435400852e-02
-1.522510419354858140e-02
-9.143499616128060448e-02
9.954431338373045390e-01
-1.381135253964776814e-02
-1.688750774535896504e-02
-6.095104013045817698e-02
1.232323812505140177e-02
-6.855038509036613659e-02
0.000000000000000000e+00
6.587887039252388055e-02
1.300676823031669121e-02
-9.165300228892338252e-02
-1.314368819840077557e-02
6.465411882791023690e-02
-1.024246355439244888e-01
-6.787404500316486511e-02
-1.324342736803788695e-02
-7.434397951314655750e-02
