-1.847236840625637606e-03
4.942186068332208703e-04
-5.881084876557136085e-04
-1.603481781149145718e-04
-1.477257945824497331e-03
3.771730486623403947e-03
1.946707819823181862e-02
-1.662693978926269370e-02
9.996651198220354306e-01
-1.398519401479517144e-03
1.525563800475574026e-03
-1.052125554262580732e-02
-6.941877669637756820e-02
1.974371871773869178e-02
0.000000000000000000e+00
-1.962868178732160226e-02
-6.713664023778266599e-02
-6.018910162725406299e-02
6.708128268900794000e-02
-1.931192638642646731e-02
-5.793593439166772052e-02
1.916936718183125804e-02
6.763518569597518071e-02
-5.084418415824134424e-02
