1.636616310922160006e-03
-3.478727645362585455e-03
2.303288889396694437e-03
-2.347795827189549239e-03
-1.157631401287465001e-02
-2.234535386937426538e-02
-5.472652510547830300e-03
-8.261759359111475742e-02
9.963157473733738057e-01
-1.426634795927466531e-02
-1.162816914018310194e-02
-5.545202152537691970e-02
-2.937278179500611621e-03
-7.029669315574792188e-02
0.000000000000000000e+00
6.719959016213050695e-02
-2.044743097606851762e-03
-8.743129656772426206e-02
1.375783075698827412e-03
6.676563036070319590e-02
-9.487359555279389900e-02
-6.942052949387943206e-02
2.245090756927777334e-03
-7.125466480541410574e-02
