3.096090006180058063e-09
2.608578608629849672e-08
-9.665985517033617810e-11
6.970670070582044999e-10
1.278606624584400874e-06
-2.900627704820035106e-08
1.469804852992223054e-08
-3.761422697434360640e-01
9.265619207113223732e-01
-7.945339637340591413e-10
4.151340728489331010e-10
-8.726894096850915106e-03
-7.322304077886768181e-02
7.370992173869594932e-02
3.958733250567516571e-01
-7.370992223198317983e-02
-7.322303936169316518e-02
3.958733291140382748e-01
7.322303896554530067e-02
-7.370992114014111862e-02
3.958733261964139105e-01
7.370992064705754465e-02
7.322304038292204442e-02
3.958733221429833748e-01
