-5.497439136379760387e-09
4.139013379789978348e-08
-3.437856683515391616e-10
4.011951382730418700e-10
2.738978495020597976e-11
-4.415980899570672255e-08
2.656322501118824308e-08
-6.373558299287300777e-01
7.705696244051261079e-01
-5.992004764627414295e-10
4.544149201372111506e-10
-8.726867791513418307e-03
-7.322321285035203464e-02
7.371011336723436169e-02
3.958742535310078026e-01
-7.371011405706187625e-02
-7.322321131680741002e-02
3.958742575862564950e-01
7.322321115216272325e-02
-7.371011316967372717e-02
3.958742546474253721e-01
7.371011248005024385e-02
7.322321268590918641e-02
3.958742505960324842e-01
