-2.922940941858966138e-08
2.948227195490000824e-08
-2.649215656087215859e-10
-2.821498846814492898e-10
-4.135067364331188579e-17
-4.289071769312842642e-08
2.738028096751752847e-08
-9.766532796603131228e-01
2.148217198719709065e-01
-2.695386197624603905e-10
3.256628081438236075e-10
-8.726867790758803187e-03
-7.322321254515451461e-02
7.371011335007995879e-02
3.958742535677496344e-01
-7.371011428552137756e-02
-7.322321133839862495e-02
3.958742575952833298e-01
7.322321146496889310e-02
-7.371011319531269035e-02
3.958742546540354179e-01
7.371011226007427586e-02
7.322321267192608008e-02
3.958742506303578046e-01
