-2.259206810310074437e-08
3.944798627152549610e-08
-3.747373278114498132e-10
-8.760430681240502541e-11
4.054692257013367889e-19
-4.642998781001810245e-08
3.109155970285804635e-08
-8.995191372397646212e-01
4.368813588829651429e-01
-3.611868456720855692e-10
3.966713911639078743e-10
-8.726867790758813595e-03
-7.322321263390757506e-02
7.371011329937540713e-02
3.958742535662658768e-01
-7.371011421935257102e-02
-7.322321127665848417e-02
3.958742576020197190e-01
7.322321137621580489e-02
-7.371011324601695058e-02
3.958742546555187869e-01
7.371011232624327669e-02
7.322321273366605432e-02
3.958742506236211933e-01
