-2.695572058227283812e-08
3.404723139398697073e-08
-3.173110162521075182e-10
-2.128951125203394171e-10
-3.484130031005851514e-17
-4.451213018960836848e-08
2.930470575401713452e-08
-9.515672122978948710e-01
3.074407918276462759e-01
-3.033914633109825805e-10
3.565302210149147906e-10
-8.726867790758778901e-03
-7.322321257573331799e-02
7.371011332511433201e-02
3.958742535676303964e-01
-7.371011426331260108e-02
-7.322321130936040867e-02
3.958742575979892209e-01
7.322321143439008972e-02
-7.371011322027820611e-02
3.958742546541544893e-01
7.371011228228310785e-02
7.322321270096419921e-02
3.958742506276516915e-01
