2.689515328122465563e-09
2.790238716714475167e-08
-1.243395877678090080e-10
6.782036933718698241e-10
5.127517750860325696e-07
-3.083652904383196204e-08
1.588790602372340054e-08
-4.002679593314348860e-01
9.163981453127498789e-01
-7.783196005259151606e-10
4.210817432172365372e-10
-8.726879218001418886e-03
-7.322314312206311404e-02
7.371003577093850068e-02
3.958738696016789738e-01
-7.371003627603400776e-02
-7.322314168597152118e-02
3.958738736595420749e-01
7.322314130478052574e-02
-7.371003521139099512e-02
3.958738707398384293e-01
7.371003470649915845e-02
7.322314274107426246e-02
3.958738666858315214e-01
