-1.867872565141167712e-08
4.220941098629883804e-08
-3.990377107785430991e-10
2.234167402152519838e-11
3.248215059636123764e-16
-4.728858358317168582e-08
3.146456269920430064e-08
-8.489249402134040334e-01
5.285134301828716685e-01
-4.114896618716736467e-10
4.213325699579533281e-10
-8.726867790758766757e-03
-7.322321268640018255e-02
7.371011329278892577e-02
3.958742535641822102e-01
-7.371011417935580123e-02
-7.322321126407987935e-02
3.958742576047736272e-01
7.322321132372301700e-02
-7.371011325260315439e-02
3.958742546576018428e-01
7.371011236624001872e-02
7.322321274624452037e-02
3.958742506208666190e-01
