-2.101608424371798241e-08
4.075028125355133661e-08
-3.870358929131341090e-10
-4.323406572762796829e-11
8.634908008720187359e-17
-4.686332416150138137e-08
3.135634814207180864e-08
-8.796064971124232246e-01
4.757020183240859845e-01
-3.814224875643153906e-10
4.076107254866099594e-10
-8.726867790758770227e-03
-7.322321265502547416e-02
7.371011329505937348e-02
3.958742535655117023e-01
-7.371011420323790586e-02
-7.322321126992276108e-02
3.958742576032175386e-01
7.322321135509783641e-02
-7.371011325033283157e-02
3.958742546562725173e-01
7.371011234235791409e-02
7.322321274040169414e-02
3.958742506224228741e-01
