3.894885775705188715e-09
1.666104125150250428e-08
4.472555981710901544e-11
7.628120340745838757e-10
8.025400660121999894e-05
-1.922708196309663768e-08
8.984194398676496470e-09
-2.604163622434914616e-01
9.654964102863698994e-01
-8.667100863030893254e-10
3.827617420034165813e-10
-8.727277285750296987e-03
-7.321435160818158538e-02
7.370023528649091715e-02
3.958462796308181431e-01
-7.370023574660976295e-02
-7.321435029534406613e-02
3.958462836841082910e-01
7.321434985154914865e-02
-7.370023450943473386e-02
3.958462807789595028e-01
7.370023404951943358e-02
7.321435116458885339e-02
3.958462767295251039e-01
