-2.435970173951875258e-08
3.762676220655203510e-08
-3.562240714144692533e-10
-1.377455303099111852e-10
-1.297685729873168245e-17
-4.579288623730919269e-08
3.058061916103186418e-08
-9.211509812064384572e-01
3.892054339579708588e-01
-3.382800737842506406e-10
3.824470893761834684e-10
-8.726867790758765023e-03
-7.322321261029744732e-02
7.371011330712640142e-02
3.958742535669592111e-01
-7.371011423732365397e-02
-7.322321128716235972e-02
3.958742576005246927e-01
7.322321139982593263e-02
-7.371011323826601180e-02
3.958742546548255081e-01
7.371011230827216598e-02
7.322321272316220653e-02
3.958742506251162752e-01
