-3.159510964600167236e-08
2.014437518053908592e-08
-1.525758137452509171e-10
-3.692814957921208535e-10
1.620241237185369385e-18
-3.968786919462417546e-08
2.287973675450494310e-08
-9.991191219933203138e-01
4.196403301988971268e-02
-2.186314579283770677e-10
2.663816929125745865e-10
-8.726867790758751145e-03
-7.322321250898299050e-02
7.371011340162673953e-02
3.958742535667204576e-01
-7.371011430879206849e-02
-7.322321139587527339e-02
3.958742575909852679e-01
7.322321150114025068e-02
-7.371011314376593737e-02
3.958742546550645947e-01
7.371011223680347391e-02
7.322321261444958429e-02
3.958742506346558665e-01
