-3.172009329754244684e-08
1.188103306844957743e-08
-4.983360553331022194e-11
-4.037237318907564653e-10
-4.850390186552949612e-17
-3.694108407821647821e-08
1.848839081367528938e-08
-9.943473400489176717e-01
-1.061761147228520857e-01
-1.839468614257196298e-10
2.160205595863791213e-10
-8.726867790758761553e-03
-7.322321249469262994e-02
7.371011344476847971e-02
3.958742535650913164e-01
-7.371011431387573809e-02
-7.322321144269898496e-02
3.958742575881754044e-01
7.322321151543052797e-02
-7.371011310062426658e-02
3.958742546566940690e-01
7.371011223171981819e-02
7.322321256762596986e-02
3.958742506374657300e-01
