3.514299402771775907e-09
2.354228825628371065e-08
-5.823877763185466338e-11
7.197003474421222279e-10
4.286046661949306126e-06
-2.641568307826457507e-08
1.308541309075538517e-08
-3.435765011626967791e-01
9.391246923858399542e-01
-8.157913762720101767e-10
4.065623600825527366e-10
-8.726943193565310508e-03
-7.322264969847411265e-02
7.370948592933691812e-02
3.958713518366117623e-01
-7.370948640926451578e-02
-7.322264830865635177e-02
3.958713558929241039e-01
7.322264789495658288e-02
-7.370948527879685186e-02
3.958713529781361928e-01
7.370948479907288298e-02
7.322264928497657088e-02
3.958713489256800444e-01
