-1.241394405760067591e-13
-3.210688166925300837e-13
8.111348765701383114e-15
-1.196083337007015510e-14
-6.573848156688306618e-04
-3.213830605624712845e-12
2.175432648705336241e-13
-1.777673174402182310e-01
9.840725485705353881e-01
-2.332165725270076796e-13
2.088475625158094997e-13
-9.385001217660050160e-03
-7.280199949088557443e-02
8.796526517627423214e-02
4.606551526879028996e-02
-8.796526517598930728e-02
-7.280199949095009226e-02
4.606551526996176954e-02
7.280199949112270419e-02
-8.796526517584837834e-02
4.606551526531075386e-02
8.796526517629296715e-02
7.280199949120144676e-02
4.606551526853158718e-02
