-3.176020301170243816e-08
1.236264107519844120e-08
-5.587883079704080232e-11
-4.026693488999280736e-10
-5.629096870595595725e-17
-3.710062192697485549e-08
1.875336618055811249e-08
-9.952360279832676015e-01
-9.749486450109483282e-02
-1.858123134035071944e-10
2.189304607699046568e-10
-8.726867790758815330e-03
-7.322321249519850306e-02
7.371011344234038032e-02
3.958742535651975647e-01
-7.371011431387658464e-02
-7.322321144008483995e-02
3.958742575883185122e-01
7.322321151492466873e-02
-7.371011310305237985e-02
3.958742546565878762e-01
7.371011223171897164e-02
7.322321257024011487e-02
3.958742506373226777e-01
