-1.514776732969408462e-08
4.347740357090271998e-08
-4.046545178034359631e-10
1.215839761822684236e-10
6.683872887487489606e-15
-4.744306380677991033e-08
3.105722794381063808e-08
-7.996315439587444729e-01
6.004909607197692623e-01
-4.578275651505096166e-10
4.372551117599621834e-10
-8.726867790758974924e-03
-7.322321273358768645e-02
7.371011329826419878e-02
3.958742535617358338e-01
-7.371011414390364613e-02
-7.322321126409593595e-02
3.958742576066184293e-01
7.322321127653369510e-02
-7.371011324712588297e-02
3.958742546600382828e-01
7.371011240169034195e-02
7.322321274622679843e-02
3.958742506190118804e-01
