-3.131286900047097527e-08
2.207621221874909093e-08
-1.762218385208107767e-10
-3.559327294155260615e-10
-3.281050890686359007e-17
-4.033871468774336193e-08
2.385651049086575646e-08
-9.970459619874959545e-01
7.680722416821558762e-02
-2.278367218672533506e-10
2.783661151673420020e-10
-8.726867790758801452e-03
-7.322321251436086920e-02
7.371011339113066330e-02
3.958742535670248808e-01
-7.371011430579063606e-02
-7.322321138433962595e-02
3.958742575917636453e-01
7.322321149576239974e-02
-7.371011315426198585e-02
3.958742546547601160e-01
7.371011223980492022e-02
7.322321262598517622e-02
3.958742506338773781e-01
