-3.058713319133370546e-08
2.539644088572858125e-08
-2.164200710059539779e-10
-3.276607649322558512e-10
-1.104207751634193884e-16
-4.147065529430910216e-08
2.548410582217885204e-08
-9.904973014245297414e-01
1.375321630409480078e-01
-2.450684268786720073e-10
2.992593786502684435e-10
-8.726867790758811860e-03
-7.322321252592713103e-02
7.371011337282674936e-02
3.958742535674512619e-01
-7.371011429861455688e-02
-7.322321136404355557e-02
3.958742575932285845e-01
7.322321148419630443e-02
-7.371011317256596918e-02
3.958742546543342899e-01
7.371011224698112430e-02
7.322321264628128823e-02
3.958742506324129939e-01
