2.824547540894668142e-09
6.901344558657218396e-09
1.858791673728646369e-10
7.589742804789677210e-10
2.198627560744561334e-03
-8.474601698204434289e-09
3.656057048840203630e-09
-1.493187826450556033e-01
9.887891085309337136e-01
-9.059210014587701493e-10
3.444054566637645332e-10
-8.585281226628830448e-03
-7.317719824223063718e-02
7.366685203513788360e-02
3.985575406078336047e-01
-7.366685249612767161e-02
-7.317719704502680111e-02
3.985575445624306434e-01
7.317719660295242401e-02
-7.366685111985180057e-02
3.985575417814440913e-01
7.366685065906604379e-02
7.317719780035886190e-02
3.985575378307111283e-01
