-3.082439948618850433e-08
2.445781061395963787e-08
-2.051184981935817803e-10
-3.363771951234472412e-10
-5.247074784598692958e-17
-4.114877484951353039e-08
2.503103228270017888e-08
-9.927467110955306984e-01
1.202246547468716759e-01
-2.399924157758771856e-10
2.933095695367721784e-10
-8.726867790758759819e-03
-7.322321252233131295e-02
7.371011337802871322e-02
3.958742535673446805e-01
-7.371011430092419547e-02
-7.322321136983764300e-02
3.958742575927970964e-01
7.322321148779202538e-02
-7.371011316736396368e-02
3.958742546544404273e-01
7.371011224467138856e-02
7.322321264048717304e-02
3.958742506328440935e-01
