3.423404736865042976e-09
2.419057980222163152e-08
-6.799959461312871632e-11
7.143197037419191889e-10
3.171392888946608730e-06
-2.707918989207034866e-08
1.349092986241709254e-08
-3.517587569743870768e-01
9.360906883907312848e-01
-8.105185594190903964e-10
4.087699861197310389e-10
-8.726926212144391765e-03
-7.322279307888243660e-02
7.370964571489795059e-02
3.958720591738285055e-01
-7.370964619789666106e-02
-7.322279168201005495e-02
3.958720632304039699e-01
7.322279127242783958e-02
-7.370964507732642723e-02
3.958720603148958017e-01
7.370964459453135942e-02
7.322279266950243448e-02
3.958720562621764749e-01
