-1.936026996901016740e-08
4.183808410958369059e-08
-3.962569728696617334e-10
3.230038938338714723e-12
1.816137561264707877e-16
-4.719091931234627739e-08
3.146584386969891190e-08
-8.580194760242635388e-01
5.136171519361916182e-01
-4.026945800470967318e-10
4.176143453727682584e-10
-8.726867790758747676e-03
-7.322321267725157012e-02
7.371011329295744374e-02
3.958742535645946581e-01
-7.371011418630421530e-02
-7.322321126529059143e-02
3.958742576043468020e-01
7.322321133287169881e-02
-7.371011325243470580e-02
3.958742546571895060e-01
7.371011235929163241e-02
7.322321274503383604e-02
3.958742506212934997e-01
