-9.695055237967242224e-09
4.336541204214910442e-08
-3.851343545378645888e-10
2.772326519428766530e-10
6.797851967407072764e-13
-4.638911704670809688e-08
2.916188298249221852e-08
-7.144107866849801480e-01
6.997265379190248380e-01
-5.339479211727460052e-10
4.517757834582354846e-10
-8.726867790777626671e-03
-7.322321280412080746e-02
7.371011332804801308e-02
3.958742535565017984e-01
-7.371011409313783791e-02
-7.322321128496300791e-02
3.958742576076182407e-01
7.322321120581330722e-02
-7.371011321713338837e-02
3.958742546642063931e-01
7.371011245224759478e-02
7.322321272517273716e-02
3.958742506169458664e-01
