-3.549986107567789044e-09
3.975487547730477720e-08
-3.143946849302191690e-10
4.608616561353614623e-10
1.738249298851622988e-10
-4.251213194386531290e-08
2.493278402046099367e-08
-5.961538577670506545e-01
8.028702123441001648e-01
-6.327426719517845939e-10
4.526030306026376506e-10
-8.726867795516004764e-03
-7.322321285076253961e-02
7.371011337228160210e-02
3.958742534129813806e-01
-7.371011402329777362e-02
-7.322321132008666189e-02
3.958742574697973748e-01
7.322321111108837099e-02
-7.371011311928721277e-02
3.958742545338952978e-01
7.371011246847510023e-02
7.322321264196615664e-02
3.958742504809352192e-01
