-3.951950246734163828e-10
3.565134897129156674e-08
-2.458326472751098307e-10
5.627858509858605285e-10
5.138305983879176489e-09
-3.849049062558004770e-08
2.144655632292508163e-08
-5.164575838815903541e-01
8.563127723274880365e-01
-6.948437388663946354e-10
4.438571954588782079e-10
-8.726867926990136692e-03
-7.322321219050657859e-02
7.371011266492261127e-02
3.958742495041321918e-01
-7.371011324727115566e-02
-7.322321068373532915e-02
3.958742535626521009e-01
7.322321039530264863e-02
-7.371011229267300513e-02
3.958742506330494293e-01
7.371011171052831157e-02
7.322321190227598642e-02
3.958742465783856024e-01
