3.766044320303497702e-09
1.374088355954195902e-08
8.862157534510662553e-11
7.741551121220227511e-10
2.410491087050540074e-04
-1.608844548748715576e-08
7.342150639876250349e-09
-2.265563380532718551e-01
9.739980624661894737e-01
-8.855960022312741962e-10
3.728562661097974684e-10
-8.725966873761498849e-03
-7.320090046822787244e-02
7.368525076119791795e-02
3.958603034274826293e-01
-7.368525121942945399e-02
-7.320089918836816811e-02
3.958603074785622677e-01
7.320089873882962284e-02
-7.368524993632982745e-02
3.958603045828401057e-01
7.368524947830182303e-02
7.320090001889144327e-02
3.958603005356157722e-01
