-2.491569317298920892e-08
3.696207259694058021e-08
-3.492063132270347242e-10
-1.536480486058672424e-10
-4.971892328739063520e-17
-4.555628942698878981e-08
3.036609069114879971e-08
-9.278032568713397987e-01
3.730698547711029933e-01
-3.309764764635053687e-10
3.774674506978200122e-10
-8.726867790758763288e-03
-7.322321260288855438e-02
7.371011331026179614e-02
3.958742535671406215e-01
-7.371011424293767711e-02
-7.322321129117796701e-02
3.958742576000186530e-01
7.322321140723488109e-02
-7.371011323513070035e-02
3.958742546546443197e-01
7.371011230265812897e-02
7.322321271914664087e-02
3.958742506256224813e-01
