3.783748569857672747e-09
2.087199887171887472e-08
-1.820689179189642820e-11
7.393138192945188123e-10
1.413688111010107263e-05
-2.365856279227777588e-08
1.145174399014391308e-08
-3.105919125903978673e-01
9.505433518958711359e-01
-8.365826847285631509e-10
3.973540155473937246e-10
-8.727060503725550880e-03
-7.322143273650542905e-02
7.370812956217656642e-02
3.958658756977410098e-01
-7.370813003172362043e-02
-7.322143137620540365e-02
3.958658797529076567e-01
7.322143094796071394e-02
-7.370812886017152898e-02
3.958658768411805751e-01
7.370812839082807599e-02
7.322143230846295259e-02
3.958658727898700658e-01
