2.207383243271995053e-09
2.963550176417357169e-08
-1.509741504176674808e-10
6.578102926919270327e-10
2.048976088809942769e-07
-3.256819985418860030e-08
1.705662220374714188e-08
-4.241193122214262368e-01
9.056063212018911068e-01
-7.619031915090763275e-10
4.265867494127532781e-10
-8.726872632257146045e-03
-7.322318482480991153e-02
7.371008222650567154e-02
3.958740970713950369e-01
-7.371008274480407574e-02
-7.322318337129089805e-02
3.958741011296876833e-01
7.322318300644554967e-02
-7.371008170573271900e-02
3.958740982079303472e-01
7.371008118763808237e-02
7.322318446016673477e-02
3.958740941534938385e-01
