-2.904989916291519989e-08
2.991930646998424091e-08
-2.700316509905870984e-10
-2.764643448723990817e-10
4.994481268912981213e-18
-4.304446896144783021e-08
2.757467809362464974e-08
-9.747414423317719567e-01
2.233363396336878470e-01
-2.724304496173266526e-10
3.285450515931431820e-10
-8.726867790758761553e-03
-7.322321254760827403e-02
7.371011334765169287e-02
3.958742535677624019e-01
-7.371011428378669572e-02
-7.322321133562439965e-02
3.958742575955218057e-01
7.322321146251507817e-02
-7.371011319774090076e-02
3.958742546540224283e-01
7.371011226180892995e-02
7.322321267470026374e-02
3.958742506301191066e-01
