-2.036257124544200147e-08
4.121209012090367065e-08
-3.911053459530241504e-10
-2.488504979463539078e-11
2.808396899580460726e-17
-4.700798099629199783e-08
3.141920189036486272e-08
-8.711703838156151791e-01
4.909808166950621611e-01
-3.898077410620004736e-10
4.117298293324085854e-10
-8.726867790758733798e-03
-7.322321266379536175e-02
7.371011329393957479e-02
3.958742535651648131e-01
-7.371011419654978358e-02
-7.322321126780392819e-02
3.958742576036792249e-01
7.322321134632804596e-02
-7.371011325145269966e-02
3.958742546566199616e-01
7.371011234904614740e-02
7.322321274252061030e-02
3.958742506219617985e-01
