-3.143327875627455502e-08
9.494534318317766202e-09
-1.979810345872617486e-11
-4.072515099163452295e-10
-6.546589119836510408e-17
-3.614882958281963098e-08
1.715870727092892530e-08
-9.887696046334796263e-01
-1.494478803896218400e-01
-1.749001511774915318e-10
2.016185243361435813e-10
-8.726867790758744206e-03
-7.322321249268758103e-02
7.371011345663609771e-02
3.958742535645490834e-01
-7.371011431340308839e-02
-7.322321145544515020e-02
3.958742575875000003e-01
7.322321151743553524e-02
-7.371011308875664858e-02
3.958742546572363574e-01
7.371011223219249564e-02
7.322321255487986014e-02
3.958742506381411896e-01
