-3.070873930653379891e-08
2.492827220036981990e-08
-2.107896732246839308e-10
-3.320828107540435375e-10
-1.540730473196640556e-17
-4.130991319466471428e-08
2.525885546946032303e-08
-9.916597656252897908e-01
1.288833163756768208e-01
-2.425146937771820029e-10
2.962871066899985905e-10
-8.726867790758799717e-03
-7.322321252409937087e-02
7.371011337542353326e-02
3.958742535673994145e-01
-7.371011429979586194e-02
-7.322321136693872579e-02
3.958742575930114249e-01
7.322321148602393970e-02
-7.371011316996908813e-02
3.958742546543855267e-01
7.371011224579970822e-02
7.322321264338603475e-02
3.958742506326295985e-01
