2.969194611178221818e-09
2.670030432806113639e-08
-1.059985228266827618e-10
6.909544196214876525e-10
9.433508226897865256e-07
-2.962721686153270927e-08
1.509678002495127003e-08
-3.842136321107565422e-01
9.232442173662716023e-01
-7.891533995080200180e-10
4.171643980798523485e-10
-8.726887780404314968e-03
-7.322308538010358081e-02
7.370997143598807810e-02
3.958735603894893984e-01
-7.370997193304860973e-02
-7.322308395646397183e-02
3.958735644469839610e-01
7.322308356513902716e-02
-7.370997085044785069e-02
3.958735615286634313e-01
7.370997035359103111e-02
7.322308498898084939e-02
3.958735574750249508e-01
