-3.183695037605884523e-08
1.722322776281625741e-08
-1.165209337293996352e-10
-3.855106277951957373e-10
-1.557573079355730566e-17
-3.871208790128783689e-08
2.136548973681544862e-08
-9.999460917564944040e-01
-1.038333187905282617e-02
-2.056196950185695536e-10
2.484433697705494465e-10
-8.726867790758742471e-03
-7.322321250245553137e-02
7.371011341722430443e-02
3.958742535661975426e-01
-7.371011431191608343e-02
-7.322321141290362434e-02
3.958742575899010796e-01
7.322321150766766817e-02
-7.371011312816842798e-02
3.958742546555876762e-01
7.371011223367943122e-02
7.322321259742128885e-02
3.958742506357400548e-01
