-1.369746712502732071e-08
4.369332019279916684e-08
-4.028369358282323951e-10
1.626003614950088743e-10
2.295439355372745495e-14
-4.732758994056180585e-08
3.070309600005635205e-08
-7.781875977239646192e-01
6.280318962828257412e-01
-4.774068650514685240e-10
4.422821184179099901e-10
-8.726867790759457177e-03
-7.322321275274511210e-02
7.371011330360116576e-02
3.958742535605795365e-01
-7.371011412978660526e-02
-7.322321126713739192e-02
3.958742576071809793e-01
7.322321125737166203e-02
-7.371011324178380897e-02
3.958742546611687119e-01
7.371011241580234519e-02
7.322321274318079054e-02
3.958742506184234067e-01
