-1.172295896913695880e-19
-4.735266401651850373e-19
0.000000000000000000e+00
0.000000000000000000e+00
0.000000000000000000e+00
4.318581658391447818e-20
-3.592116119543707805e-20
-6.463890765362271520e-04
9.999997910905590315e-01
0.000000000000000000e+00
0.000000000000000000e+00
0.000000000000000000e+00
-5.080102202600721845e-02
4.918505846804144960e-02
-4.999926739442361878e-02
-4.918505846804144960e-02
-5.080102202600721845e-02
-4.999926739442361878e-02
5.080102202600721845e-02
-4.918505846804144960e-02
-4.999926739442361878e-02
4.918505846804144960e-02
5.080102202600721845e-02
-4.999926739442361878e-02
