-2.378662205206167089e-08
3.826343263644888535e-08
-3.628284972526736214e-10
-1.214289238787993385e-10
-1.494150505649720351e-17
-4.601798583699002903e-08
3.077346347373374077e-08
-9.142181140292718888e-01
4.052224573993374324e-01
-3.457492017849536295e-10
3.873119146238815750e-10
-8.726867790758751145e-03
-7.322321261794244307e-02
7.371011330425572550e-02
3.958742535667532647e-01
-7.371011423151536956e-02
-7.322321128339262519e-02
3.958742576010278458e-01
7.322321139218096464e-02
-7.371011324113668772e-02
3.958742546550314545e-01
7.371011231408046427e-02
7.322321272693191330e-02
3.958742506246131221e-01
