-1.478647190271556850e-08
4.354755194409591486e-08
-4.044244768392163585e-10
1.317829435827834916e-10
9.086815728009328032e-15
-4.742448715848398850e-08
3.097903340272406099e-08
-7.943608907545846032e-01
6.074461089179679085e-01
-4.626690272399064215e-10
4.385870875741787494e-10
-8.726867790758976659e-03
-7.322321273837754940e-02
7.371011329942379897e-02
3.958742535614566127e-01
-7.371011414035544274e-02
-7.322321126468749053e-02
3.958742576067704189e-01
7.322321127174317990e-02
-7.371011324596553338e-02
3.958742546603137846e-01
7.371011240523780983e-02
7.322321274563453608e-02
3.958742506188561716e-01
