-8.619065502205417687e-09
4.303260429119925177e-08
-3.769781089209492833e-10
3.085512225231850985e-10
1.712623954551253839e-12
-4.595771114945870299e-08
2.859937890296391738e-08
-6.958492705384200505e-01
7.181878533441969914e-01
-5.499654127821215284e-10
4.532089503561927147e-10
-8.726867790806157668e-03
-7.322321281728690068e-02
7.371011333712623737e-02
3.958742535546289631e-01
-7.371011408400240938e-02
-7.322321129216857738e-02
3.958742576068788321e-01
7.322321119236034626e-02
-7.371011320773525333e-02
3.958742546644442584e-01
7.371011246106316805e-02
7.322321271768032769e-02
3.958742506160501939e-01
