-1.586695877259439706e-08
4.330535246318246674e-08
-4.046726807101183284e-10
1.013138087614126821e-10
3.604432129685751430e-15
-4.746050135758025962e-08
3.119300732405451558e-08
-8.099897685098933486e-01
5.864440083326678543e-01
-4.482544657949123118e-10
4.344442302321473861e-10
-8.726867790758870841e-03
-7.322321272402486370e-02
7.371011329628858466e-02
3.958742535622755132e-01
-7.371011415102042552e-02
-7.322321126324451979e-02
3.958742576062944662e-01
7.322321128609739216e-02
-7.371011324910242690e-02
3.958742546595033773e-01
7.371011239457452013e-02
7.322321274707903338e-02
3.958742506193406729e-01
