1.032416835135225524e-09
3.283402998582744906e-08
-2.008533821151942938e-10
6.127937884196307413e-10
3.251576847410546044e-08
-3.573118631280903965e-08
1.931570679913956827e-08
-4.709338483183581059e-01
8.821685272713257753e-01
-7.285871982531815930e-10
4.361974390406317110e-10
-8.726868618681582132e-03
-7.322320841909683853e-02
7.371010848804160354e-02
3.958742281888065206e-01
-7.371010903639785283e-02
-7.322320693553284465e-02
3.958742322475062858e-01
7.322320660698267147e-02
-7.371010804325370258e-02
3.958742293217342723e-01
7.371010749510135962e-02
7.322320809074886472e-02
3.958742252668905892e-01
