-4.184325263496893366e-09
4.034789766496382600e-08
-3.248323655733341784e-10
4.412249789092270746e-10
9.388937190239878592e-11
-4.310294012052879771e-08
2.549918911040746863e-08
-6.100750779106963728e-01
7.923436118959091834e-01
-6.215162856198821561e-10
4.534404509052985429e-10
-8.726867793335420925e-03
-7.322321285533153756e-02
7.371011337499991378e-02
3.958742534769153498e-01
-7.371011403893788783e-02
-7.322321132291512158e-02
3.958742575332533931e-01
7.322321112871496562e-02
-7.371011314131600822e-02
3.958742545963311321e-01
7.371011247758202378e-02
7.322321266133330342e-02
3.958742505438488934e-01
