-2.141732582788476300e-14
-1.119769729875314306e-13
4.680730331740977930e-15
4.143997211717962344e-15
-8.419732420505215368e-04
8.748843936736778876e-14
-6.938973956141924066e-14
-4.721939636661658113e-02
9.988845421803124180e-01
4.729131699829333022e-14
-2.936315964883030675e-14
-8.831619123697908441e-03
-3.032760320011459662e-02
3.374596296382623151e-02
-5.967411594635699951e-02
-3.374596296367742693e-02
-3.032760320003945881e-02
-5.967411594622842180e-02
3.032760320019228101e-02
-3.374596296359175934e-02
-5.967411594627923532e-02
3.374596296374315213e-02
3.032760320026996539e-02
-5.967411594635940730e-02
