-2.886480242563234255e-08
3.035239428226351161e-08
-2.750784128884467618e-10
-2.706547228660465362e-10
1.516601145517926896e-17
-4.319717678022867910e-08
2.776546977464551299e-08
-9.727553746685324576e-01
2.318339514684596980e-01
-2.753583633673026603e-10
3.314143324900011047e-10
-8.726867790758801452e-03
-7.322321255012688435e-02
7.371011334524960046e-02
3.958742535677707841e-01
-7.371011428199517046e-02
-7.322321133287149064e-02
3.958742575957621135e-01
7.322321145999646785e-02
-7.371011320014299317e-02
3.958742546540139351e-01
7.371011226360042745e-02
7.322321267745314499e-02
3.958742506298787434e-01
