-6.552174355895429828e-10
3.608212457293128384e-08
-2.528250722392633811e-10
5.540227739519930500e-10
3.777296331534667532e-09
-3.891117871380008498e-08
2.178731623985445198e-08
-5.239105625932380939e-01
8.517732811043291496e-01
-6.891968050822226765e-10
4.449385224838717880e-10
-8.726867891369741170e-03
-7.322321237707683783e-02
7.371011286918796590e-02
3.958742505726173255e-01
-7.371011345750311250e-02
-7.322321086712768601e-02
3.958742546310528021e-01
7.322321058566774732e-02
-7.371011250858597319e-02
3.958742517008350115e-01
7.371011192047470517e-02
7.322321209581895973e-02
3.958742476462555615e-01
