8.110852903542097461e-10
3.333076305837322564e-08
-2.087015226482995224e-10
6.047841393214956836e-10
2.391310710500652043e-08
-3.621912946381452901e-08
1.968050354321013666e-08
-4.786141917627276254e-01
8.780253159467039659e-01
-7.229858392316207412e-10
4.376118978388841370e-10
-8.726868404886581332e-03
-7.322320960400928447e-02
7.371010980372290355e-02
3.958742348593408678e-01
-7.371011035750225926e-02
-7.322320811609131508e-02
3.958742389180505694e-01
7.322320779399447976e-02
-7.371010937130648144e-02
3.958742359916252451e-01
7.371010881773093493e-02
7.322320928211457913e-02
3.958742319367716256e-01
