-2.671760725860461013e-08
3.443239522865500595e-08
-3.216119132622541501e-10
-2.058841513929464012e-10
3.020549866715777074e-17
-4.465013549636173009e-08
2.945424178497099306e-08
-9.488480865506833117e-01
3.157329704815510785e-01
-3.066991383488162657e-10
3.592280659735746989e-10
-8.726867790758752880e-03
-7.322321257890469781e-02
7.371011332307737807e-02
3.958742535675887630e-01
-7.371011426095502861e-02
-7.322321130692406588e-02
3.958742575982416301e-01
7.322321143121865439e-02
-7.371011322231509066e-02
3.958742546541957341e-01
7.371011228464061094e-02
7.322321270340045873e-02
3.958742506273989492e-01
