-5.164032340330153925e-09
4.114759315167393971e-08
-3.392887118696536078e-10
4.112875558110675474e-10
3.726912093895510558e-11
-4.391096670610697146e-08
2.630602521591571156e-08
-6.306071581901729894e-01
7.761021917501016443e-01
-6.047595834201405548e-10
4.542588449697245845e-10
-8.726867791784798448e-03
-7.322321285266975011e-02
7.371011337005921316e-02
3.958742535228179649e-01
-7.371011405342126066e-02
-7.322321131911650738e-02
3.958742575783548157e-01
7.322321114710106382e-02
-7.371011316378926759e-02
3.958742546399839357e-01
7.371011248063123744e-02
7.322321268085615897e-02
3.958742505883028895e-01
