-3.238969290456637586e-09
3.944047351541718898e-08
-3.089375387228984006e-10
4.705719356968045361e-10
2.365122737314326016e-10
-4.220084875288539367e-08
2.464129677567999737e-08
-5.891248826450522502e-01
8.080419993097207598e-01
-6.383691095213561826e-10
4.520968824058739176e-10
-8.726867797221224063e-03
-7.322321284516909723e-02
7.371011336755618759e-02
3.958742533630759675e-01
-7.371011401213516112e-02
-7.322321131566172925e-02
3.958742574201131181e-01
7.322321109927776295e-02
-7.371011310460842680e-02
3.958742544847368983e-01
7.371011246023348451e-02
7.322321262898712213e-02
3.958742504315557187e-01
