-1.469798306742349077e-09
3.730614469892643353e-08
-2.729076858216847396e-10
5.270758643841652632e-10
1.500259221879368400e-09
-4.010652469085659906e-08
2.278255242348082121e-08
-5.460278567243898040e-01
8.377670199291488151e-01
-6.722409537219739637e-10
4.478419210318915272e-10
-8.726867831173023768e-03
-7.322321268613840584e-02
7.371011320391579469e-02
3.958742523642593270e-01
-7.371011381053804712e-02
-7.322321116785786288e-02
3.958742564223532434e-01
7.322321090769354224e-02
-7.371011287736935202e-02
3.958742534903367249e-01
7.371011227095104756e-02
7.322321242617610415e-02
3.958742494360987796e-01
