1.509321456928501374e-09
3.476726533465563233e-09
1.397291182882878109e-10
5.800359027518248924e-10
5.101486777270688479e-03
-4.556688329799599898e-09
1.318407715111725895e-09
-1.143774012344084684e-01
9.934373709936943353e-01
-8.105736333717058050e-10
1.510800892004669142e-10
-7.857507681847985745e-03
-7.333681530410050831e-02
7.393793446303813244e-02
4.071360923455719094e-01
-7.393793489504578431e-02
-7.333681428043717365e-02
4.071360955138780824e-01
7.333681383744217186e-02
-7.393793363678755060e-02
4.071360927044590516e-01
7.393793320498596999e-02
7.333681486130985694e-02
4.071360895400525370e-01
