3.558616959096192647e-09
1.150348623446010276e-08
1.224014899898181621e-10
7.794102613524951230e-10
5.270067254269874711e-04
-1.364210614059337380e-08
6.116100761061968052e-09
-2.009704542645918413e-01
9.795973032387764734e-01
-8.981425647865186562e-10
3.652259619804229327e-10
-8.719428908068508829e-03
-7.318426493440519098e-02
7.366683308791559248e-02
3.960097185476688098e-01
-7.366683354700483133e-02
-7.318426367960645385e-02
3.960097225932202036e-01
7.318426322852525368e-02
-7.366683222888688320e-02
3.960097197124505808e-01
7.366683177000117599e-02
7.318426448352613467e-02
3.960097156707543808e-01
