-6.860738200614664134e-09
4.224004134751595561e-08
-3.601568415598422029e-10
3.603605002765541259e-10
7.989658517610154668e-12
-4.505524763043341895e-08
2.753122774907114810e-08
-6.638600620442316469e-01
7.478568165248119515e-01
-5.771244609307121754e-10
4.544569989216465893e-10
-8.726867790979513789e-03
-7.322321283746925646e-02
7.371011335393430619e-02
3.958742535478452784e-01
-7.371011406944731614e-02
-7.322321130585050797e-02
3.958742576018452475e-01
7.322321117043424643e-02
-7.371011318898264275e-02
3.958742546612906699e-01
7.371011247367370567e-02
7.322321270225473633e-02
3.958742506111465054e-01
