-3.181174935073529665e-08
1.771101961196742596e-08
-1.225644102455098820e-10
-3.831194176927700028e-10
-1.774297887820866283e-17
-3.887445909658805235e-08
2.162133556381613880e-08
-9.999986273875602905e-01
-1.656871447418081398e-03
-2.077254192225052661e-10
2.514257479324442425e-10
-8.726867790758811860e-03
-7.322321250342177235e-02
7.371011341464452082e-02
3.958742535662895246e-01
-7.371011431150445437e-02
-7.322321141009578704e-02
3.958742575900747740e-01
7.322321150670144108e-02
-7.371011313074819771e-02
3.958742546554956943e-01
7.371011223409107416e-02
7.322321260022912615e-02
3.958742506355664159e-01
