3.480044388890236626e-10
3.429194039327659109e-08
-2.239812160641118895e-10
5.883634981242452302e-10
1.293005437514882735e-08
-3.716132287921635561e-08
2.039888623168030907e-08
-4.938649514210780578e-01
8.695386188996175880e-01
-7.117523901052056329e-10
4.402764693266542453e-10
-8.726868127753095034e-03
-7.322321111773907876e-02
7.371011148157863291e-02
3.958742434086297557e-01
-7.371011204651119197e-02
-7.322320962169194536e-02
3.958742474673108136e-01
7.322320931279817369e-02
-7.371011107358790837e-02
3.958742445395956322e-01
7.371011050885921401e-02
7.322321080904746482e-02
3.958742404847706564e-01
