-2.847803071405137017e-08
3.120611696452419144e-08
-2.849737098273112954e-10
-2.586655626374132896e-10
1.595626973533003996e-17
-4.349917248123543593e-08
2.813585738664573694e-08
-9.685611589663349896e-01
2.487755641975051835e-01
-2.813238578427931953e-10
3.371110913460528471e-10
-8.726867790758825738e-03
-7.322321255535940709e-02
7.371011334053106934e-02
3.958742535677739482e-01
-7.371011427824129825e-02
-7.322321132743681016e-02
3.958742575962477805e-01
7.322321145476394511e-02
-7.371011320486148266e-02
3.958742546540108265e-01
7.371011226735435518e-02
7.322321268288782548e-02
3.958742506293930763e-01
