1.246726232621860469e-09
3.232669184127960797e-08
-1.928689108108908215e-10
6.206646855392861798e-10
4.420831867116780106e-08
-3.523201428690415300e-08
1.894734362966049104e-08
-4.632176413637868473e-01
8.862445580816665780e-01
-7.341766664078330446e-10
4.347287129398957976e-10
-8.726868905750157640e-03
-7.322320680999021281e-02
7.371010669980278263e-02
3.958742191518448972e-01
-7.371010724284525473e-02
-7.322320533097056994e-02
3.958742232105184056e-01
7.322320499607339050e-02
-7.371010624254731303e-02
3.958742202854048653e-01
7.371010569970866400e-02
7.322320647529519111e-02
3.958742162305874390e-01
