2.302383721402125827e-09
4.372501343900693966e-09
1.908609599500364935e-10
6.584372081555158945e-10
4.147138151754568847e-03
-5.553868804864351400e-09
2.532467625422639777e-09
-1.231746477358334757e-01
9.923850090338695029e-01
-8.540864254991294591e-10
3.677188797275101860e-10
-8.175549303687192418e-03
-7.328392437949404759e-02
7.383184981416644754e-02
4.039257135135577159e-01
-7.383185025352019537e-02
-7.328392326525660916e-02
4.039257172605328905e-01
7.328392286769040698e-02
-7.383184892466035376e-02
4.039257148433025302e-01
7.383184848551188617e-02
7.328392398213162684e-02
4.039257111002143574e-01
