-2.228389757148293515e-08
3.972477780522205606e-08
-3.774329824863790836e-10
-7.890985675517020690e-11
-1.367112504342630878e-17
-4.652433041563338899e-08
3.115656033849797448e-08
-8.956724256204292578e-01
4.447144094620879562e-01
-3.651505602882246098e-10
3.989294640751598405e-10
-8.726867790758775431e-03
-7.322321263803258096e-02
7.371011329834681325e-02
3.958742535661280981e-01
-7.371011421620567161e-02
-7.322321127515496464e-02
3.958742576022636905e-01
7.322321137209082675e-02
-7.371011324704554446e-02
3.958742546556566766e-01
7.371011232939021773e-02
7.322321273516958773e-02
3.958742506233772773e-01
