-1.260379376092022288e-08
4.374017079891356255e-08
-3.998815184910228680e-10
1.936851279753846922e-10
5.782348114334391315e-14
-4.716591635395898163e-08
3.036505448273243937e-08
-7.614809737852018534e-01
6.481872619568650462e-01
-4.924528804608815642e-10
4.455145577909566241e-10
-8.726867790760406071e-03
-7.322321276704424342e-02
7.371011330884170987e-02
3.958742535596379564e-01
-7.371011411939420999e-02
-7.322321127061587331e-02
3.958742576075110486e-01
7.322321124306285789e-02
-7.371011323653246794e-02
3.958742546620553360e-01
7.371011242618399906e-02
7.322321273969266409e-02
3.958742506180382703e-01
