5.828934163731912161e-10
3.381677143736586015e-08
-2.164114182369727796e-10
5.966394573869147241e-10
1.758475362359075681e-08
-3.669584104469513485e-08
2.004160567621106655e-08
-4.862580868294355541e-01
8.738152396204676986e-01
-7.173738383882570009e-10
4.389717016770643437e-10
-8.726868245875717828e-03
-7.322321047614284428e-02
7.371011077101602416e-02
3.958742397802517687e-01
-7.371011133032262519e-02
-7.322320898406328715e-02
3.958742438389551421e-01
7.322320866852044530e-02
-7.371011035086766361e-02
3.958742409118819472e-01
7.371010979176491340e-02
7.322321016080213241e-02
3.958742368570346559e-01
