-2.718879768455785435e-08
3.365658240081943236e-08
-3.129263963410541526e-10
-2.197898655032350139e-10
-2.821038778818989960e-17
-4.437227347898210963e-08
2.915062365571805878e-08
-9.542138725177476966e-01
2.991252003671385218e-01
-3.001231698616868206e-10
3.538117426466445938e-10
-8.726867790758739002e-03
-7.322321257262677519e-02
7.371011332719659692e-02
3.958742535676663676e-01
-7.371011426561449587e-02
-7.322321131183720522e-02
3.958742575977373113e-01
7.322321143749659089e-02
-7.371011321819594120e-02
3.958742546541184626e-01
7.371011227998118531e-02
7.322321269848740266e-02
3.958742506279035456e-01
