-9.335021315489925485e-09
4.326628570346222585e-08
-3.825762876702075502e-10
2.876832372238070108e-10
9.249774834225566813e-13
-4.625420023465215700e-08
2.898102549489542850e-08
-7.082773956389915027e-01
7.059342255669748267e-01
-5.392618296933115601e-10
4.523099498890169156e-10
-8.726867790784399032e-03
-7.322321280857156667e-02
7.371011333096884333e-02
3.958742535559592879e-01
-7.371011409004725456e-02
-7.322321128726187733e-02
3.958742576074596453e-01
7.322321120129449135e-02
-7.371011321413663275e-02
3.958742546643608251e-01
7.371011245526226663e-02
7.322321272280576943e-02
3.958742506167163833e-01
