3.595890185249976850e-09
2.288606435620672037e-08
-4.837757583693654334e-11
7.248920185232892209e-10
5.786720608973590906e-06
-2.574175971357874645e-08
1.267857858409368599e-08
-3.353680681443138023e-01
9.420871822019181163e-01
-8.210350708183020178e-10
4.043145573935456372e-10
-8.726964446774482242e-03
-7.322245894818305012e-02
7.370927334596306946e-02
3.958704346781524164e-01
-7.370927382300586361e-02
-7.322245756555532947e-02
3.958704387341905884e-01
7.322245714792605109e-02
-7.370927268248697595e-02
3.958704358201352025e-01
7.370927220564782445e-02
7.322245853075597111e-02
3.958704317679531681e-01
