-3.122720245627736926e-08
2.255595617778428080e-08
-1.820665660107103534e-10
-3.522770815803949077e-10
-6.500785306496800536e-17
-4.050116676980026456e-08
2.409583640208376090e-08
-9.963377365641475913e-01
8.550505656526403986e-02
-2.302086369989835573e-10
2.813601282858198217e-10
-8.726867790758806656e-03
-7.322321251584142099e-02
7.371011338850455563e-02
3.958742535670946583e-01
-7.371011430491866689e-02
-7.322321138144256836e-02
3.958742575919651507e-01
7.322321149428188958e-02
-7.371011315688813514e-02
3.958742546546905050e-01
7.371011224067691714e-02
7.322321262888227544e-02
3.958742506336760947e-01
