-1.223888152075632388e-08
4.373341289669291158e-08
-3.985879750407122700e-10
2.040916376248019815e-10
7.873755436050856213e-14
-4.709696427116148118e-08
3.023858824389734492e-08
-7.557955497719673899e-01
6.548076717211599451e-01
-4.975338507956976266e-10
4.464868863475297495e-10
-8.726867790760952509e-03
-7.322321277178005239e-02
7.371011331082706619e-02
3.958742535593064993e-01
-7.371011411598324403e-02
-7.322321127200633051e-02
3.958742576075984232e-01
7.322321123832117862e-02
-7.371011323454056130e-02
3.958742546623534864e-01
7.371011242958844245e-02
7.322321273829635047e-02
3.958742506179175891e-01
