-2.973399403701035174e-08
2.814901419934017526e-08
-2.492318588359433519e-10
-2.984567401320219819e-10
-7.487243953098310750e-17
-4.242387620155693935e-08
2.677640709498231256e-08
-9.819419820303304514e-01
1.891823034174801854e-01
-2.610755250150271445e-10
3.169457082315074379e-10
-8.726867790758801452e-03
-7.322321253817895559e-02
7.371011335750386750e-02
3.958742535676854635e-01
-7.371011429038611118e-02
-7.322321134683153210e-02
3.958742575945790598e-01
7.322321147194443824e-02
-7.371011318788880939e-02
3.958742546540997553e-01
7.371011225520951449e-02
7.322321266349322844e-02
3.958742506310621301e-01
