-2.349389415642787196e-08
3.857088970710400047e-08
-3.659709852287469471e-10
-1.131192197804101415e-10
3.475709318567102356e-18
-4.612593803206631719e-08
3.086155318990843476e-08
-9.106471152455769547e-01
4.131849845951635070e-01
-3.495460958594606884e-10
3.896992781650895006e-10
-8.726867790758791044e-03
-7.322321262185101098e-02
7.371011330292487340e-02
3.958742535666409101e-01
-7.371011422854109596e-02
-7.322321128160524939e-02
3.958742576012778125e-01
7.322321138827238285e-02
-7.371011324246751206e-02
3.958742546551437536e-01
7.371011231705472400e-02
7.322321272871927522e-02
3.958742506243630443e-01
