-3.146608738667897429e-08
2.111258526994914743e-08
-1.644482975765628303e-10
-3.628615258589413457e-10
-1.119625996488950202e-16
-4.001342852982734704e-08
2.337184438112447210e-08
-9.982345779516879070e-01
5.939467469069252548e-02
-2.231785508450188675e-10
2.723743732248016049e-10
-8.726867790758804921e-03
-7.322321251156480026e-02
7.371011339638280924e-02
3.958742535668779983e-01
-7.371011430738728942e-02
-7.322321139012032132e-02
3.958742575913693496e-01
7.322321149855860745e-02
-7.371011314900999256e-02
3.958742546549077757e-01
7.371011223820837788e-02
7.322321262020461963e-02
3.958742506342724510e-01
