-3.179448851252340055e-08
1.284541820351622353e-08
-6.193280310381803850e-11
-4.014967960233723452e-10
1.611097545860596193e-17
-3.726049626237435494e-08
1.901786740431838511e-08
-9.960489248408734841e-01
-8.880618966793872582e-02
-1.876974138245806108e-10
2.218492258439571021e-10
-8.726867790758761553e-03
-7.322321249574147151e-02
7.371011343989519737e-02
3.958742535653027028e-01
-7.371011431384418000e-02
-7.322321143745005867e-02
3.958742575884641179e-01
7.322321151438163089e-02
-7.371011310549746565e-02
3.958742546564822939e-01
7.371011223175130689e-02
7.322321257287482676e-02
3.958742506371766834e-01
