-3.186929151344984192e-08
1.624757625737137939e-08
-1.044079542230118993e-10
-3.899201780756456884e-10
-1.727873109893646555e-17
-3.838785271112509325e-08
2.085026752012669628e-08
-9.996125809952457475e-01
-2.783321605602243412e-02
-2.014799711358571531e-10
2.424916724345642882e-10
-8.726867790758761553e-03
-7.322321250066174403e-02
7.371011342235284092e-02
3.958742535660085271e-01
-7.371011431261506597e-02
-7.322321141847615289e-02
3.958742575895621840e-01
7.322321150946145552e-02
-7.371011312303987761e-02
3.958742546557766917e-01
7.371011223298046255e-02
7.322321259184876030e-02
3.958742506360789504e-01
