3.730718445830726030e-09
2.155069316574775151e-08
-2.836041466864721795e-11
7.347005139669027777e-10
1.051113151367273761e-05
-2.436308524219430624e-08
1.186158411902922750e-08
-3.188751530479531082e-01
9.477967275574672446e-01
-8.314316717193633390e-10
3.997076418709245443e-10
-8.727022588232083780e-03
-7.322187198731108793e-02
7.370861915755186344e-02
3.958677567515441198e-01
-7.370861962940035428e-02
-7.322187061944809838e-02
3.958677608070076404e-01
7.322187019454187706e-02
-7.370861846833490216e-02
3.958677578944748143e-01
7.370861799669004011e-02
7.322187156260706598e-02
3.958677538428674314e-01
