9.264006569621379908e-12
-2.566596654565199616e-11
1.342035331675906872e-12
-9.304973285251402363e-13
5.537141095411433900e-02
-5.804208851540153862e-12
-3.620268862322108863e-11
-6.060152667512148233e-02
9.981620384309576322e-01
-2.436514114334475074e-11
-5.693433042851932115e-12
1.968812772591310364e-02
-7.417346787759133975e-02
7.779506050380578797e-02
3.888951400985865559e-01
-7.779506047711322314e-02
-7.417346784921229064e-02
3.888951400834631533e-01
7.417346787546991171e-02
-7.779506044997951120e-02
3.888951400970751537e-01
7.779506047684002501e-02
7.417346790397431888e-02
3.888951401162372701e-01
