-2.407525424843751670e-08
3.794867414440404282e-08
-3.595788986261063288e-10
-1.296382231213346192e-10
3.006974904915939755e-18
-4.590692967159490346e-08
3.067979238542253727e-08
-9.177194915640443096e-01
3.972290709444977752e-01
-3.419938822377562956e-10
3.848942571543527005e-10
-8.726867790758785839e-03
-7.322321261409089899e-02
7.371011330565691022e-02
3.958742535668592910e-01
-7.371011423444326360e-02
-7.322321128524568457e-02
3.958742576007766578e-01
7.322321139603248097e-02
-7.371011323973547524e-02
3.958742546549253172e-01
7.371011231115255635e-02
7.322321272507885392e-02
3.958742506248641990e-01
