-3.165054034888384703e-08
1.965889723538889214e-08
-1.466073948153768547e-10
-3.723012703447136321e-10
-2.906431859560992139e-17
-3.952507194109208917e-08
2.263110425411675906e-08
-9.994472792224300406e-01
3.324358667291815728e-02
-2.163984117301245556e-10
2.633864081105885698e-10
-8.726867790758820534e-03
-7.322321250777044654e-02
7.371011340424293845e-02
3.958742535666385232e-01
-7.371011430942440990e-02
-7.322321139874048146e-02
3.958742575907976402e-01
7.322321150235282239e-02
-7.371011314114978008e-02
3.958742546551467512e-01
7.371011223617116026e-02
7.322321261158441785e-02
3.958742506348436607e-01
