-3.150203179040911872e-08
9.968588295488655457e-09
-2.577422186010317539e-11
-4.067756818903176005e-10
-2.967183860778858591e-17
-3.630652402766479347e-08
1.742507147907011381e-08
-9.900361175500712596e-01
-1.408136568177234815e-01
-1.766734424176819088e-10
2.044779225586945914e-10
-8.726867790758803187e-03
-7.322321249302177204e-02
7.371011345430045214e-02
3.958742535646586624e-01
-7.371011431355721510e-02
-7.322321145294051481e-02
3.958742575876297298e-01
7.322321151710131648e-02
-7.371011309109225251e-02
3.958742546571265564e-01
7.371011223203834117e-02
7.322321255738445389e-02
3.958742506380112380e-01
