3.364801017584545961e-09
9.991655281740274554e-09
1.449720513346014525e-10
7.799876729001320099e-10
8.667091553876291000e-04
-1.196554030714738986e-08
5.300004122799570914e-09
-1.838271019651782356e-01
9.829585935242053374e-01
-9.046982800961208462e-10
3.596509056788489234e-10
-8.705559912058315891e-03
-7.317239875646884550e-02
7.365404454074135632e-02
3.963279877518336436e-01
-7.365404500120067977e-02
-7.317239751871497389e-02
3.963279917871819213e-01
7.317239706822648015e-02
-7.365404366022339222e-02
3.963279889244080145e-01
7.365404319996764204e-02
7.317239830618255114e-02
3.963279848929155413e-01
