-4.507305031030613491e-09
4.062646181123811643e-08
-3.298116710783724272e-10
4.313063048124750670e-10
6.900223832506740842e-11
-4.338262233243602405e-08
2.577392469563097480e-08
-6.169662627776869579e-01
7.869896000546204862e-01
-6.159185656192340205e-10
4.537716445387542291e-10
-8.726867792654623493e-03
-7.322321285537336522e-02
7.371011337417845977e-02
3.958742534969695304e-01
-7.371011404459075489e-02
-7.322321132238272801e-02
3.958742575530513896e-01
7.322321113558438732e-02
-7.371011314984331209e-02
3.958742546156351350e-01
7.371011247963510371e-02
7.322321266877691859e-02
3.958742505634090803e-01
