1.653638419378377990e-09
3.128070719336617688e-08
-1.764990764262918142e-10
6.359755170512898259e-10
8.168637632370084896e-08
-3.420002236916530317e-08
1.820043875712509979e-08
-4.476799899629992363e-01
8.941938417293688879e-01
-7.453150713379956879e-10
4.316301877020046868e-10
-8.726869805791159437e-03
-7.322320166263930619e-02
7.371010097395670757e-02
3.958741903665002337e-01
-7.371010150672104022e-02
-7.322320019327135943e-02
3.958741944250716016e-01
7.322319984602115861e-02
-7.371010049150733545e-02
3.958741915012887747e-01
7.371009995894679812e-02
7.322320131559123535e-02
3.958741874465735444e-01
