-1.244989618859435211e-09
1.604346043576127904e-09
-2.486983621970983241e-10
2.895602794464495835e-10
9.276810604797874893e-03
-2.331341019082379110e-09
-2.734800399192049920e-09
-9.585916825317217227e-02
9.953949064877769537e-01
-5.456315122991222623e-10
-9.982183987771902731e-10
-6.370713125612457138e-03
-7.262906299584094560e-02
7.326323664974968009e-02
4.137587519669345126e-01
-7.326323706887967468e-02
-7.262906245261771532e-02
4.137587520590083612e-01
7.262906173002470211e-02
-7.326323625480822554e-02
4.137587466459216601e-01
7.326323583588485733e-02
7.262906227345271304e-02
4.137587465577590717e-01
