3.851177935373339631e-09
1.521079082388710915e-08
6.648151629643932262e-11
7.689710340406855997e-10
1.400947894089038363e-04
-1.767549328594706947e-08
8.162204844668717240e-09
-2.435242754814603561e-01
9.698948021570326095e-01
-8.763400290702730050e-10
3.778162048691176355e-10
-8.727030351610366027e-03
-7.320886667428261330e-02
7.369412154633206424e-02
3.958435189519209363e-01
-7.369412200505749688e-02
-7.320886537785303849e-02
3.958435230043820252e-01
7.320886493069388157e-02
-7.369412074509855415e-02
3.958435201030225392e-01
7.369412028657665314e-02
7.320886622732558635e-02
3.958435160544169773e-01
