-1.333323428057213428e-08
4.372004368070788439e-08
-4.020050895593327497e-10
1.729363517212810663e-10
3.125387489273259591e-14
-4.728108724058422676e-08
3.059731531498253934e-08
-7.726774240877198885e-01
6.347988644485453857e-01
-4.823887590441200968e-10
4.434116955127359415e-10
-8.726867790759637589e-03
-7.322321275752337322e-02
7.371011330522908578e-02
3.958742535602734480e-01
-7.371011412629885351e-02
-7.322321126818176484e-02
3.958742576073009944e-01
7.322321125259106944e-02
-7.371011324015329380e-02
3.958742546614616442e-01
7.371011241928754343e-02
7.322321274213411391e-02
3.958742506182902354e-01
