2.537009523244609379e-09
2.848959604119651207e-08
-1.333371380353461682e-10
6.715716622904458900e-10
3.777965932808744683e-07
-3.142477830592281067e-08
1.628001503391025831e-08
-4.082497028047425425e-01
9.128702975559223054e-01
-7.728684610009735392e-10
4.229669786579143219e-10
-8.726876393704782048e-03
-7.322316135060233377e-02
7.371005607867184284e-02
3.958739685134535780e-01
-7.371005658801976779e-02
-7.322315990853141277e-02
3.958739725714765512e-01
7.322315953264138533e-02
-7.371005553208594130e-02
3.958739696510855111e-01
7.371005502294179779e-02
7.322316097491450571e-02
3.958739655969187865e-01
