-3.156512500068841467e-08
1.044437683863573046e-08
-3.176748800970783815e-11
-4.061858590757871043e-10
-4.121479468721356476e-17
-3.646460524586949017e-08
1.769128623331042559e-08
-9.912272353832309868e-01
-1.321687097406758216e-01
-1.784643859237458208e-10
2.073482536896247221e-10
-8.726867790758742471e-03
-7.322321249338846483e-02
7.371011345194544706e-02
3.958742535647678529e-01
-7.371011431368240663e-02
-7.322321145041320312e-02
3.958742575877621794e-01
7.322321151673466533e-02
-7.371011309344728535e-02
3.958742546570174770e-01
7.371011223191314965e-02
7.322321255991175171e-02
3.958742506378788439e-01
