-2.165681059634221972e-08
4.025414269808928077e-08
-3.824738788972641116e-10
-6.124770493411667504e-11
-4.133288452244564315e-17
-4.670175844251032639e-08
3.126863162340679131e-08
-8.877746737492714368e-01
4.602783165100997054e-01
-3.732031959937572399e-10
4.033418727380353787e-10
-8.726867790758719920e-03
-7.322321264643351368e-02
7.371011329653373578e-02
3.958742535658331674e-01
-7.371011420979459161e-02
-7.322321127237846339e-02
3.958742576027455828e-01
7.322321136368990790e-02
-7.371011324885863580e-02
3.958742546559518294e-01
7.371011233580133937e-02
7.322321273794614449e-02
3.958742506228956071e-01
