-3.045960034354880875e-08
2.586217001074153400e-08
-2.220076404142695756e-10
-3.231111415986514332e-10
-2.046087693552357474e-17
-4.163094845890674166e-08
2.570669253501023356e-08
-9.892594070193997391e-01
1.461705360995264602e-01
-2.476539835543473896e-10
3.022258161786917060e-10
-8.726867790758742471e-03
-7.322321252781498202e-02
7.371011337023958276e-02
3.958742535674991125e-01
-7.371011429737962806e-02
-7.322321136115335360e-02
3.958742575934475760e-01
7.322321148230831467e-02
-7.371011317515299699e-02
3.958742546542858287e-01
7.371011224821592822e-02
7.322321264917137917e-02
3.958742506321933363e-01
