3.323323164941785916e-09
2.483072852590887532e-08
-7.765811999486083701e-11
7.087522957565196863e-10
2.344575781390292125e-06
-2.773218343423285840e-08
1.389497529830438074e-08
-3.599142158330049246e-01
9.329854003366355730e-01
-8.052174747780040158e-10
4.109355405872658865e-10
-8.726912789080923730e-03
-7.322290053627224238e-02
7.370976546305460508e-02
3.958726007597706542e-01
-7.370976594930651882e-02
-7.322289913248571092e-02
3.958726048165969735e-01
7.322289872720447179e-02
-7.370976483847574423e-02
3.958726019003773744e-01
7.370976435242748703e-02
7.322290013119316099e-02
3.958725978474072482e-01
