1.845925153521159966e-09
3.074232752760429596e-08
-1.681179151482914878e-10
6.434081956160908180e-10
1.110113283269262089e-07
-3.366723502452145670e-08
1.782216065331980482e-08
-4.398597286763261116e-01
8.980664892360628038e-01
-7.508615757783459536e-10
4.300012930558186694e-10
-8.726870494053243915e-03
-7.322319764457425884e-02
7.371009650162484161e-02
3.958741679973971084e-01
-7.371009702943519259e-02
-7.322319618030904975e-02
3.958741720558923705e-01
7.322319582706376950e-02
-7.371009600646424853e-02
3.958741691327811174e-01
7.371009547885763735e-02
7.322319729153117795e-02
3.958741650781419930e-01
