1.312312806488496016e-11
3.061778895825422686e-11
3.054732317455450402e-12
2.978125448507229146e-13
5.867619334517280155e-02
-2.577071257754557445e-11
-9.763679911550636858e-11
-4.771151487848889622e-02
9.988611571925296584e-01
-1.501152472719812155e-11
-9.725719728169016618e-11
1.752886669630313379e-02
-6.007901478453559624e-02
6.331116703931199963e-02
3.046108292192726830e-01
-6.331116707710185421e-02
-6.007901479756685981e-02
3.046108292052550071e-01
6.007901475569715072e-02
-6.331116708749476296e-02
3.046108291442489735e-01
6.331116704991981980e-02
6.007901474287316579e-02
3.046108291622415809e-01
