-1.406117990069707214e-08
4.365560405849122832e-08
-4.035167609981410189e-10
1.522941277424556134e-10
1.688672771887147787e-14
-4.736689473340566365e-08
3.080197448476166580e-08
-7.836385093617664888e-01
6.212171010566798213e-01
-4.724592212132765516e-10
4.411011498558745434e-10
-8.726867790759249011e-03
-7.322321274795928758e-02
7.371011330209141510e-02
3.958742535608785196e-01
-7.371011413329392470e-02
-7.322321126620734422e-02
3.958742576070520824e-01
7.322321126215917964e-02
-7.371011324329540537e-02
3.958742546608792767e-01
7.371011241229687150e-02
7.322321274411248970e-02
3.958742506185619070e-01
