-3.169991610276862052e-08
1.917268841863643111e-08
-1.406201073181837001e-10
-3.751945936850576781e-10
6.685108703567323493e-18
-3.936230330040400602e-08
2.238086660520046220e-08
-9.996993246717094106e-01
2.452060869811410748e-02
-2.141917584736650537e-10
2.603926437822201142e-10
-8.726867790758759819e-03
-7.322321250660890346e-02
7.371011340685378055e-02
3.958742535665542017e-01
-7.371011431001102399e-02
-7.322321140159605835e-02
3.958742575906126215e-01
7.322321150351430996e-02
-7.371011313853889635e-02
3.958742546552308506e-01
7.371011223558451841e-02
7.322321260872879933e-02
3.958742506350284573e-01
