3.707684222852294882e-09
1.299921437972900105e-08
9.982153963462978159e-11
7.763068817841003046e-10
3.142650817555907284e-04
-1.528180501453323398e-08
6.932974840884980218e-09
-2.180451768554388658e-01
9.759386767876762070e-01
-8.900100068335997165e-10
3.703566434654370132e-10
-8.724763584284955450e-03
-7.319590711181120368e-02
7.367970091421206791e-02
3.958857935839571462e-01
-7.367970137252752294e-02
-7.319590584027667324e-02
3.958857976338772122e-01
7.319590538993921147e-02
-7.367970007776265817e-02
3.958857947420393320e-01
7.367969961965069314e-02
7.319590666167583026e-02
3.958857906959744599e-01
