-8.263465997283929887e-09
4.289796836934032021e-08
-3.739372679148391740e-10
3.189615155555055272e-10
2.330533961844092254e-12
-4.579588746741067616e-08
2.839867903929193801e-08
-6.895554829336797420e-01
7.242328603122730746e-01
-5.553533281844210635e-10
4.535732501328344718e-10
-8.726867790823326226e-03
-7.322321282153401723e-02
7.371011334035004747e-02
3.958742535537815854e-01
-7.371011408104324869e-02
-7.322321129476480617e-02
3.958742576063963292e-01
7.322321118794149208e-02
-7.371011320431992975e-02
3.958742546643128080e-01
7.371011246383075977e-02
7.322321271491234740e-02
3.958742506155538687e-01
