-7.909669170655686497e-09
4.275142195730017476e-08
-3.707348964189634692e-10
3.293512359895357207e-10
3.171148337119911440e-12
-4.562484755414191845e-08
2.819145950656012791e-08
-6.832091830091874263e-01
7.302227141440588154e-01
-5.607641199122818236e-10
4.538804154236076456e-10
-8.726867790846545500e-03
-7.322321282569269063e-02
7.371011334365851209e-02
3.958742535527555728e-01
-7.371011407811967064e-02
-7.322321129744535639e-02
3.958742576057281415e-01
7.322321118354935265e-02
-7.371011320075111783e-02
3.958742546640082738e-01
7.371011246649399051e-02
7.322321271199837278e-02
3.958742506148914542e-01
