-3.184547795087085006e-08
1.381401030648237669e-08
-7.406004540439462422e-11
-3.987941989245401650e-10
-2.310520299897859096e-17
-3.758120358540194587e-08
1.954517587496166188e-08
-9.974471034813804371e-01
-7.140921338736772039e-02
-1.915283209409701071e-10
2.277116246612568559e-10
-8.726867790758759819e-03
-7.322321249694269119e-02
7.371011343495610657e-02
3.958742535655104811e-01
-7.371011431367632816e-02
-7.322321143212083550e-02
3.958742575887640447e-01
7.322321151318045285e-02
-7.371011311043659808e-02
3.958742546562747378e-01
7.371011223191921424e-02
7.322321257820411933e-02
3.958742506368770342e-01
