-2.763958719309738171e-08
3.285944249592520282e-08
-3.039140232783042867e-10
-2.332268290237278604e-10
-6.426655880486670371e-17
-4.408736572299849507e-08
2.882918804153706303e-08
-9.592889956955655828e-01
2.824263138190032385e-01
-2.937035583295927807e-10
3.483159428659361849e-10
-8.726867790758732063e-03
-7.322321256660925537e-02
7.371011333148919098e-02
3.958742535677226559e-01
-7.371011427005005889e-02
-7.322321131690429086e-02
3.958742575972363231e-01
7.322321144351413846e-02
-7.371011321390338877e-02
3.958742546540623963e-01
7.371011227554565004e-02
7.322321269342035865e-02
3.958742506284047558e-01
