5.934924722648103598e-11
-3.673408411893974210e-11
7.156987581938415610e-12
7.836359535238130836e-12
3.812090770401409257e-02
-3.347026153301384540e-11
2.736844650179200062e-10
-5.657380505999477088e-02
9.983984197608858357e-01
-1.079171632402201431e-11
1.940395282890787331e-10
5.408591941603212855e-03
-6.403867683648770126e-02
6.405073078778736329e-02
3.504684451235734466e-01
-6.405073073700121022e-02
-6.403867676092470096e-02
3.504684453312839620e-01
6.403867682844693876e-02
-6.405073066026038819e-02
3.504684454819202988e-01
6.405073071125261253e-02
6.403867690421242986e-02
3.504684452781132720e-01
