-3.187645693556329578e-08
1.575997478791296433e-08
-9.834217929070996777e-11
-3.919395388152776103e-10
-2.372464967054688110e-17
-3.822603241722844968e-08
2.059104599895526128e-08
-9.993316312631987941e-01
-3.655531092511681707e-02
-1.994450695520799188e-10
2.395233784916190181e-10
-8.726867790758728594e-03
-7.322321249983232416e-02
7.371011342489994234e-02
3.958742535659116601e-01
-7.371011431290407090e-02
-7.322321142123926208e-02
3.958742575893969828e-01
7.322321151029088926e-02
-7.371011312049277620e-02
3.958742546558735587e-01
7.371011223269147150e-02
7.322321258908563724e-02
3.958742506362442071e-01
