-6.515799656767921535e-09
4.204559633703871273e-08
-3.563068664334604986e-10
3.706313638971349496e-10
1.087163193316002657e-11
-4.484617333295236165e-08
2.729849094559724929e-08
-6.573085852300939447e-01
7.536215388262262893e-01
-5.826173602692378040e-10
4.545336191092708512e-10
-8.726867791058945042e-03
-7.322321284107918826e-02
7.371011335739414971e-02
3.958742535451950095e-01
-7.371011406652175357e-02
-7.322321130869920147e-02
3.958742575995208290e-01
7.322321116602377444e-02
-7.371011318463011053e-02
3.958742546593791989e-01
7.371011247570656566e-02
7.322321269860548876e-02
3.958742506089091839e-01
