-3.185612645978996275e-08
1.673537001059916427e-08
-1.104681535345613036e-10
-3.877773859980213912e-10
-1.312725493962820208e-17
-3.854987735570453285e-08
2.110844099459740659e-08
-9.998174063590924421e-01
-1.910900157976469504e-02
-2.035380110154853360e-10
2.454651909060015760e-10
-8.726867790758801452e-03
-7.322321250153582262e-02
7.371011341979401277e-02
3.958742535661038398e-01
-7.371011431228603750e-02
-7.322321141569734793e-02
3.958742575897302163e-01
7.322321150858737693e-02
-7.371011312559869189e-02
3.958742546556813791e-01
7.371011223330950490e-02
7.322321259462756526e-02
3.958742506359109181e-01
