-2.289652230281173058e-08
3.916331163562490023e-08
-3.719272329010216108e-10
-9.620519879872437499e-11
-1.873024529492852416e-17
-4.633205930677762837e-08
3.102067630116898291e-08
-9.032973469941691924e-01
4.290150380969089405e-01
-3.572648627605035394e-10
3.943798115392269568e-10
-8.726867790758730328e-03
-7.322321262983479129e-02
7.371011330048266030e-02
3.958742535663973272e-01
-7.371011422245840605e-02
-7.322321127823609721e-02
3.958742576017740267e-01
7.322321138028861642e-02
-7.371011324490972516e-02
3.958742546553874475e-01
7.371011232313746941e-02
7.322321273208845516e-02
3.958742506238669967e-01
