-1.296862755055787021e-08
4.373568830121628662e-08
-4.010202688994383559e-10
1.832989764716672838e-10
4.253017449143271792e-14
-4.722724378360405431e-08
3.048463332318450466e-08
-7.671084080740887545e-01
6.415174902230135201e-01
-4.874043210650247179e-10
4.444893477646911489e-10
-8.726867790759915144e-03
-7.322321276229086517e-02
7.371011330697579966e-02
3.958742535599598100e-01
-7.371011412283369479e-02
-7.322321126934110136e-02
3.958742576074113506e-01
7.322321124782045498e-02
-7.371011323840309659e-02
3.958742546617574631e-01
7.371011242274919106e-02
7.322321274097164101e-02
3.958742506181620602e-01
