-1.187404047370554198e-08
4.371533784053712727e-08
-3.971387867046165843e-10
2.145152947884214723e-10
1.070504925644424561e-13
-4.702024596076854988e-08
3.010524584231809644e-08
-7.500525690014364644e-01
6.613782153460623370e-01
-5.026465187233556264e-10
4.474058601267622467e-10
-8.726867790761729665e-03
-7.322321277649487814e-02
7.371011331293211843e-02
3.958742535589647171e-01
-7.371011411260389168e-02
-7.322321127351275050e-02
3.958742576076723085e-01
7.322321123359853967e-02
-7.371011323242682156e-02
3.958742546626508596e-01
7.371011243295907955e-02
7.322321273678213116e-02
3.958742506177992948e-01
