-2.622654349042911558e-08
3.518565194484129037e-08
-3.299544971761726037e-10
-1.915179003233805518e-10
-2.331480233738474734e-17
-4.492022142407773440e-08
2.973930805732271786e-08
-9.431932722647577982e-01
3.322445652745811273e-01
-3.134337570666280940e-10
3.645585777264064701e-10
-8.726867790758733798e-03
-7.322321258544095546e-02
7.371011331914784082e-02
3.958742535674895091e-01
-7.371011425607480738e-02
-7.322321130218126251e-02
3.958742575987486134e-01
7.322321142468245225e-02
-7.371011322624468343e-02
3.958742546542953211e-01
7.371011228952091543e-02
7.322321270814333150e-02
3.958742506268923544e-01
