1.659206014556379556e-09
4.970721940880865237e-11
3.084229138297079864e-10
7.672610271265845350e-11
1.490295490861484433e-02
-1.763875437088507275e-10
2.660974437016224796e-09
-8.451883052536032781e-02
9.964218821797449221e-01
-6.625210425290176455e-11
9.721465307553667030e-10
-4.490894024714212063e-03
-7.083946641340345407e-02
7.112362095333059353e-02
4.088278309855544745e-01
-7.112362083811517299e-02
-7.083946613425261274e-02
4.088278330437558616e-01
7.083946647703785737e-02
-7.112362058995247427e-02
4.088278354088787370e-01
7.112362070537311953e-02
7.083946675639260504e-02
4.088278333545738441e-01
