-1.763879081820789250e-08
4.269488184611989001e-08
-4.021977121141853966e-10
5.151421792034300163e-11
7.448516493286845593e-16
-4.739584611374868338e-08
3.141315071927132123e-08
-8.347991660968525629e-01
5.505545861074959690e-01
-4.249833127695768029e-10
4.265882727020423592e-10
-8.726867790758785839e-03
-7.322321270034634622e-02
7.371011329329955897e-02
3.958742535635149662e-01
-7.371011416880092482e-02
-7.322321126299566330e-02
3.958742576053818074e-01
7.322321130977677006e-02
-7.371011325209242404e-02
3.958742546582685873e-01
7.371011237679482575e-02
7.322321274732863927e-02
3.958742506202579392e-01
