-2.332585544027635969e-09
3.842614472937876958e-08
-2.916215774292097471e-10
4.992238969684213753e-10
5.957236870469509278e-10
-4.120262204156020132e-08
2.373484744730305930e-08
-5.677709306079071760e-01
8.231865951026102746e-01
-6.552877374275975230e-10
4.502296338664664641e-10
-8.726867806939202221e-03
-7.322321280398423615e-02
7.371011332747832989e-02
3.958742530783651570e-01
-7.371011395290398560e-02
-7.322321127918435257e-02
3.958742571359903928e-01
7.322321104076263965e-02
-7.371011303353243449e-02
3.958742542022517519e-01
7.371011240831074063e-02
7.322321256576452830e-02
3.958742501484825427e-01
