-3.187764079727741173e-08
1.527269198096337285e-08
-9.227267608686209586e-11
-3.938360235801025831e-10
-6.956338601148331709e-19
-3.806443994716721712e-08
2.033085141558493720e-08
-9.989745785583614701e-01
-4.527462196575496312e-02
-1.974329087296253435e-10
2.365607100216337890e-10
-8.726867790758796248e-03
-7.322321249904663321e-02
7.371011342743453987e-02
3.958742535658132389e-01
-7.371011431315381557e-02
-7.322321142398598159e-02
3.958742575892345017e-01
7.322321151107651083e-02
-7.371011311795815091e-02
3.958742546559718134e-01
7.371011223244169908e-02
7.322321258633893160e-02
3.958742506364065217e-01
