-3.178051570769054760e-08
1.819861526876166098e-08
-1.285966996374606529e-10
-3.806032876322215354e-10
-4.125777045159907159e-17
-3.903696998227297465e-08
2.187590037691699709e-08
-9.999750092514986255e-01
7.069715161392643027e-03
-2.098557167654839718e-10
2.544117519098706398e-10
-8.726867790758756349e-03
-7.322321250443550311e-02
7.371011341205557788e-02
3.958742535663797857e-01
-7.371011431105027600e-02
-7.322321140727466871e-02
3.958742575902513550e-01
7.322321150568775194e-02
-7.371011313333716841e-02
3.958742546554055997e-01
7.371011223454529415e-02
7.322321260305024448e-02
3.958742506353900015e-01
