-3.174323982136618319e-08
1.868588316713185447e-08
-1.346159019440552378e-10
-3.779618098595797359e-10
1.720782304923827081e-17
-3.919959333779736761e-08
2.212910501061291541e-08
-9.998752391469216683e-01
1.579576338402199909e-02
-2.120110197797805528e-10
2.574009158550571704e-10
-8.726867790758792778e-03
-7.322321250549755633e-02
7.371011340945830825e-02
3.958742535664678819e-01
-7.371011431055270180e-02
-7.322321140444108811e-02
3.958742575904304895e-01
7.322321150462565709e-02
-7.371011313593436864e-02
3.958742546553171149e-01
7.371011223504281284e-02
7.322321260588375569e-02
3.958742506352105339e-01
