1.065829630524039272e-10
3.475616137275028057e-08
-2.314091392161827801e-10
5.799600480578362181e-10
9.506769836881185760e-09
-3.761558275218568181e-08
2.075222052703717119e-08
-5.014342062561923941e-01
8.651957794604759888e-01
-7.061227530458507438e-10
4.415258746346307590e-10
-8.726868040099781607e-03
-7.322321158946885900e-02
7.371011200302944599e-02
3.958742460828211240e-01
-7.371011257368129121e-02
-7.322321008964971512e-02
3.958742501414639903e-01
7.322320978749441434e-02
-7.371011160707889587e-02
3.958742472131129841e-01
7.371011103663099862e-02
7.322321128751570207e-02
3.958742431583261445e-01
