-2.518706723279395661e-08
3.661959414640222278e-08
-3.455472037024463057e-10
-1.614403406658214075e-10
3.452343046169496720e-17
-4.543395662014511474e-08
3.025090130732878118e-08
-9.310235362972993922e-01
3.649591413575882792e-01
-3.273863913801327478e-10
3.749366073198306885e-10
-8.726867790758815330e-03
-7.322321259927473680e-02
7.371011331192342531e-02
3.958742535672219454e-01
-7.371011424566933923e-02
-7.322321129327259703e-02
3.958742575997646340e-01
7.322321141084861540e-02
-7.371011323346898791e-02
3.958742546545624963e-01
7.371011229992634195e-02
7.322321271705191370e-02
3.958742506258760008e-01
