-3.113550888058464725e-08
2.303413158226281766e-08
-1.878806022459439314e-10
-3.484937594699691874e-10
-3.135072685899506501e-17
-4.066343924526347460e-08
2.433304084040905010e-08
-9.955536361646813992e-01
9.419637742120881563e-02
-2.326096919996204680e-10
2.843521246848902611e-10
-8.726867790758784105e-03
-7.322321251737795578e-02
7.371011338587997452e-02
3.958742535671614937e-01
-7.371011430399666831e-02
-7.322321137854254092e-02
3.958742575921691542e-01
7.322321149274532703e-02
-7.371011315951266074e-02
3.958742546546235030e-01
7.371011224159890185e-02
7.322321263178226125e-02
3.958742506334719247e-01
