-1.969715639599429965e-08
4.163849130218961802e-08
-3.946689297127251188e-10
-6.217600316039387359e-12
1.285898004866511240e-16
-4.713466105178785182e-08
3.145672135823942504e-08
-8.624689035806801796e-01
5.061100575530346202e-01
-3.983580048945020180e-10
4.156930551457651994e-10
-8.726867790758827473e-03
-7.322321267272853540e-02
7.371011329318934158e-02
3.958742535647911676e-01
-7.371011418974512952e-02
-7.322321126603721642e-02
3.958742576041276995e-01
7.322321133739474741e-02
-7.371011325220282184e-02
3.958742546569930520e-01
7.371011235585070431e-02
7.322321274428723881e-02
3.958742506215127133e-01
