-1.752265030930294649e-09
3.769112609288515351e-08
-2.792993010414946218e-10
5.178872468829843180e-10
1.102729189842816748e-09
-4.048285776314998740e-08
2.310490248972500839e-08
-5.533178693035067930e-01
8.329701888479713601e-01
-6.665880070579673329e-10
4.486953864784270212e-10
-8.726867820554779637e-03
-7.322321273884953297e-02
7.371011325985309115e-02
3.958742526778189497e-01
-7.371011387269527093e-02
-7.322321121819430623e-02
3.958742567357703690e-01
7.322321096523537465e-02
-7.371011294434275107e-02
3.958742538031709279e-01
7.371011233170453314e-02
7.322321248609266198e-02
3.958742497490754242e-01
