2.833623919497515562e-09
2.730589834968767280e-08
-1.152259090200191371e-10
6.846656498038574166e-10
6.956442430954302656e-07
-3.023732248251838473e-08
1.549344710960563527e-08
-3.922557325504769099e-01
9.198562063068810302e-01
-7.837482785010819323e-10
4.191472755314710451e-10
-8.726882927879335908e-03
-7.322311852584405256e-02
7.371000836721121330e-02
3.958737371876087652e-01
-7.371000886820937292e-02
-7.322311709589748863e-02
3.958737412452956184e-01
7.322311670955980456e-02
-7.371000779467615227e-02
3.958737383262820875e-01
7.371000729388171857e-02
7.322311813970856786e-02
3.958737342724513719e-01
