3.668065359989348954e-09
2.222212496596883888e-08
-3.841765817904167340e-11
7.298926911346323125e-10
7.804020665677265575e-06
-2.505752356043016315e-08
1.227058270924350725e-08
-3.271340784691532111e-01
9.449779334482562021e-01
-8.262488036983182586e-10
4.020288008928787982e-10
-8.726990697738610386e-03
-7.322220603286143381e-02
7.370899147045616162e-02
3.958692558230600955e-01
-7.370899194480454164e-02
-7.322220465755387153e-02
3.958692598788147721e-01
7.322220423618761020e-02
-7.370899079408495258e-02
3.958692569655088422e-01
7.370899031994018746e-02
7.322220561169737185e-02
3.958692529136103588e-01
