-2.479735005712476242e-10
3.129033274846160028e-10
-7.192874770341633502e-11
4.380820239494143961e-11
2.456744870372398054e-02
-3.829616695728245796e-10
-8.426365010030969260e-10
-7.066128557108722341e-02
9.975003672788502751e-01
-1.090123497618116298e-10
-3.825736205849897282e-10
-8.749151273298250500e-04
-6.763732092776925109e-02
6.738327869381872948e-02
3.881367199145552283e-01
-6.738327891836629058e-02
-6.763732087412803462e-02
3.881367197601396368e-01
6.763732056282532878e-02
-6.738327879684558042e-02
3.881367182153956374e-01
6.738327857250148156e-02
6.763732061666970219e-02
3.881367183736923465e-01
