-1.728794292092747662e-08
4.283714867875723536e-08
-4.029755593820331746e-10
6.136318921043820620e-11
1.052798291716945684e-15
-4.742057076511051480e-08
3.138265535782199754e-08
-8.299629453631155451e-01
5.578185272328076705e-01
-4.295602919550081487e-10
4.282516087275166113e-10
-8.726867790758765023e-03
-7.322321270504521251e-02
7.371011329367967158e-02
3.958742535632796544e-01
-7.371011416525691251e-02
-7.322321126283587445e-02
3.958742576055749862e-01
7.322321130507777887e-02
-7.371011325171217266e-02
3.958742546585032884e-01
7.371011238033872703e-02
7.322321274748831710e-02
3.958742506200641498e-01
