-1.150942195274789601e-08
4.368587337095303753e-08
-3.955331604706829762e-10
2.249528453924007212e-10
1.457151660490891693e-13
-4.693562212040831706e-08
2.996504278091043607e-08
-7.442524688238292274e-01
6.678983924592362120e-01
-5.077902151630812297e-10
4.482710437488022587e-10
-8.726867790762808663e-03
-7.322321278118491816e-02
7.371011331515661680e-02
3.958742535586097233e-01
-7.371011410925887297e-02
-7.322321127513496675e-02
3.958742576077295405e-01
7.322321122889771661e-02
-7.371011323019030503e-02
3.958742546629444026e-01
7.371011243629208010e-02
7.322321273514915962e-02
3.958742506176805565e-01
