3.250203979212859222e-09
9.229176807470757373e-09
1.560701000061895760e-10
7.786472915045488063e-10
1.102855296716645202e-03
-1.111204889814890830e-08
4.891505923135048662e-09
-1.752293018900470956e-01
9.845276490577228312e-01
-9.069812924782655434e-10
3.565380822747491860e-10
-8.692068297735066479e-03
-7.316796299888062016e-02
7.364965760301216136e-02
3.966196474259033322e-01
-7.364965806420407934e-02
-7.316796176998194290e-02
3.966196514518223193e-01
7.316796132044176004e-02
-7.364965671239030731e-02
3.966196486021290046e-01
7.364965625140200423e-02
7.316796254954265055e-02
3.966196445800667658e-01
