3.901411823516876572e-09
1.737810554722260037e-08
3.399514029065420471e-11
7.594052067688131487e-10
6.045608243215499285e-05
-1.998928064015546758e-08
9.395656339498843558e-09
-2.688325878698805682e-01
9.631869183596620809e-01
-8.617987566752013147e-10
3.852286745926113397e-10
-8.727279814163213523e-03
-7.321633227171971126e-02
7.370244347029751564e-02
3.958499080635221601e-01
-7.370244393144835537e-02
-7.321633095076442166e-02
3.958499121171505375e-01
7.321633050900509809e-02
-7.370244270550870003e-02
3.958499092105448036e-01
7.370244224456141968e-02
7.321633183016257318e-02
3.958499051607723418e-01
