-2.319716288809641423e-08
3.887089797971121672e-08
-3.690045140981484696e-10
-1.047107522549106215e-10
-4.297974141793957013e-17
-4.623066893176512604e-08
3.094398287439484105e-08
-9.070067671583423863e-01
4.211160461547023282e-01
-3.533846302090528095e-10
3.920555162508264013e-10
-8.726867790758718185e-03
-7.322321262581554802e-02
7.371011330166651887e-02
3.958742535665223938e-01
-7.371011422552170567e-02
-7.322321127988572209e-02
3.958742576015267245e-01
7.322321138430790133e-02
-7.371011324372590823e-02
3.958742546552625474e-01
7.371011232007418368e-02
7.322321273043884415e-02
3.958742506241144099e-01
