-2.989074368735944821e-08
2.769771802160743697e-08
-2.438890163751350654e-10
-3.036409323874533048e-10
-1.556846166147878993e-17
-4.226661629678797728e-08
2.656853889418418722e-08
-9.835554987749300926e-01
1.806061483715219185e-01
-2.583239846781377286e-10
3.140189912992160535e-10
-8.726867790758742471e-03
-7.322321253598114421e-02
7.371011336001911940e-02
3.958742535676556540e-01
-7.371011429189534836e-02
-7.322321134967350875e-02
3.958742575943481889e-01
7.322321147414218023e-02
-7.371011318537348811e-02
3.958742546541291762e-01
7.371011225370020792e-02
7.322321266065119627e-02
3.958742506312926679e-01
