2.376249999305951976e-09
2.906735550000202227e-08
-1.422161209692116956e-10
6.647727642025107080e-10
2.782669234089263028e-07
-3.200201756877155947e-08
1.666963338300297563e-08
-4.162003555023261470e-01
9.092729315666094880e-01
-7.673959505190592552e-10
4.248022000518021337e-10
-8.726874251600191118e-03
-7.322317484490430128e-02
7.371007111073220319e-02
3.958740422332766018e-01
-7.371007162448271754e-02
-7.322317339702316685e-02
3.958740462914427383e-01
7.322317302658341853e-02
-7.371007057707386345e-02
3.958740433703671346e-01
7.371007006352711666e-02
7.322317447466679396e-02
3.958740393160571358e-01
