-1.622458097574148607e-08
4.320365399729704821e-08
-4.044631805070360394e-10
9.124830367428099804e-11
2.672138064823995294e-15
-4.745965241570376371e-08
3.125062495734401233e-08
-8.150765510379797130e-01
5.793532738735741594e-01
-4.435237739596955774e-10
4.329664908175226408e-10
-8.726867790758856963e-03
-7.322321271925757991e-02
7.371011329547040580e-02
3.958742535625359160e-01
-7.371011415458329774e-02
-7.322321126298245164e-02
3.958742576061230478e-01
7.322321129086492575e-02
-7.371011324992089719e-02
3.958742546592443623e-01
7.371011239101189771e-02
7.322321274734132357e-02
3.958742506195134236e-01
