3.214176239100768193e-09
2.546253004488927552e-08
-8.721228223343402735e-11
7.030005454168363700e-10
1.731993028430112331e-06
-2.837457358590730144e-08
1.429739790971352571e-08
-3.680422591446215752e-01
9.298090639930985946e-01
-7.998889695652681753e-10
4.130573769172500383e-10
-8.726902273210377856e-03
-7.322298086458442490e-02
7.370985497613026516e-02
3.958730129423791988e-01
-7.370985546581314274e-02
-7.322297945402901631e-02
3.958730169994428283e-01
7.322297905322745770e-02
-7.370985436455976259e-02
3.958730140825184041e-01
7.370985387508055542e-02
7.322298046398505178e-02
3.958730100293109122e-01
