-2.003129499523415976e-08
4.142978330999946199e-08
-3.929511922327838632e-10
-1.559004146050099094e-11
3.494195486476691220e-17
-4.707363581715632303e-08
3.144115678867736694e-08
-8.668526507909047885e-01
4.985644209295106988e-01
-3.940623317060958616e-10
4.137313201441012880e-10
-8.726867790758758084e-03
-7.322321266824249886e-02
7.371011329351734309e-02
3.958742535649814043e-01
-7.371011419316103597e-02
-7.322321126687562909e-02
3.958742576039052663e-01
7.322321134188088110e-02
-7.371011325187491747e-02
3.958742546568033704e-01
7.371011235243489501e-02
7.322321274344892328e-02
3.958742506217357016e-01
