-2.785717705063153942e-08
3.245326095333187933e-08
-2.992903539707397189e-10
-2.397671866773623390e-10
-1.172953330858145968e-16
-4.394249005713641691e-08
2.866202219964386826e-08
-9.617170721632516406e-01
2.740442904162387894e-01
-2.905516937356434190e-10
3.455402285254663603e-10
-8.726867790758725124e-03
-7.322321256369862530e-02
7.371011333369556495e-02
3.958742535677433061e-01
-7.371011427218317202e-02
-7.322321131949061090e-02
3.958742575969876332e-01
7.322321144642487956e-02
-7.371011321169713970e-02
3.958742546540423568e-01
7.371011227341264793e-02
7.322321269083414963e-02
3.958742506286540563e-01
