-2.069087103825839211e-08
4.098554491742228590e-08
-3.891330320558594263e-10
-3.410044071576368074e-11
6.308327933427770114e-18
-4.693783191036165893e-08
3.139091354727354757e-08
-8.754217738427251261e-01
4.833598223705126706e-01
-3.855944099319039678e-10
4.096894039120319278e-10
-8.726867790758797983e-03
-7.322321265938909474e-02
7.371011329445423255e-02
3.958742535653417272e-01
-7.371011419990940172e-02
-7.322321126882029574e-02
3.958742576034500749e-01
7.322321135073432685e-02
-7.371011325093808353e-02
3.958742546564431586e-01
7.371011234568654313e-02
7.322321274150427051e-02
3.958742506221910595e-01
