-1.833430741779955298e-08
4.238089316045520789e-08
-4.002273507366370663e-10
3.200094860373026556e-11
4.007342373546587205e-16
-4.732971004529298367e-08
3.145406606093118219e-08
-8.442805245430738958e-01
5.359014796371330824e-01
-4.159476764467357161e-10
4.231280557494900374e-10
-8.726867790758792778e-03
-7.322321269102143038e-02
7.371011329285574731e-02
3.958742535639662719e-01
-7.371011417585282555e-02
-7.322321126361924781e-02
3.958742576049809059e-01
7.322321131910178305e-02
-7.371011325253636060e-02
3.958742546578177812e-01
7.371011236974302216e-02
7.322321274670516578e-02
3.958742506206593403e-01
