1.453853123948957909e-09
3.180887403570887421e-08
-1.847501205736028123e-10
6.283931488174309664e-10
6.009781152069622206e-08
-3.472162174668961908e-08
1.857554400779382206e-08
-4.554661584898420656e-01
8.902530979842220304e-01
-7.397530282847077292e-10
4.332061575029080481e-10
-8.726869290630389492e-03
-7.322320462585289735e-02
7.371010427090632366e-02
3.958742069172305200e-01
-7.371010480874971849e-02
-7.322320315156602422e-02
3.958742109758612848e-01
7.322320281043365187e-02
-7.371010380109452309e-02
3.958742080514109363e-01
7.371010326345489583e-02
7.322320428492266886e-02
3.958742039966362536e-01
