-3.127894505502081581e-08
8.552053120053253366e-09
-7.903731997081721977e-12
-4.078648718676872352e-10
-5.990449353333277190e-17
-3.583463231558154480e-08
1.662576342236589849e-08
-9.860107850837306342e-01
-1.666815277664671635e-01
-1.714047622924221177e-10
1.959337933894465079e-10
-8.726867790758766757e-03
-7.322321249211294347e-02
7.371011346124778374e-02
3.958742535643282601e-01
-7.371011431301129069e-02
-7.322321146038511530e-02
3.958742575872480352e-01
7.322321151801015893e-02
-7.371011308414496255e-02
3.958742546574571253e-01
7.371011223258427947e-02
7.322321254993990891e-02
3.958742506383931548e-01
