-3.187285888004355960e-08
1.478585447869935886e-08
-8.620127688828214070e-11
-3.956102215723443954e-10
-6.949945853937333130e-17
-3.790309220859425264e-08
2.006975959282150150e-08
-9.985414500716796038e-01
-5.399048516864232705e-02
-1.954430279252697529e-10
2.336042284652459626e-10
-8.726867790758775431e-03
-7.322321249830381074e-02
7.371011342995593962e-02
3.958742535657137629e-01
-7.371011431336525754e-02
-7.322321142671561756e-02
3.958742575890750737e-01
7.322321151181941656e-02
-7.371011311543682054e-02
3.958742546560717335e-01
7.371011223223034037e-02
7.322321258360936502e-02
3.958742506365663383e-01
