-2.630097708329597034e-09
3.877606490156734028e-08
-2.975501589711771152e-10
4.897569371884809153e-10
4.378455159301475589e-10
-4.154616019727579815e-08
2.404222909003993121e-08
-5.749328786776572997e-01
8.182005774963860834e-01
-6.496427894942199621e-10
4.509100647108594585e-10
-8.726867802677415117e-03
-7.322321282311609891e-02
7.371011334664304138e-02
3.958742532033377448e-01
-7.371011397842146262e-02
-7.322321129654613125e-02
3.958742572607797938e-01
7.322321106544500691e-02
-7.371011306321476053e-02
3.958742543264855973e-01
7.371011243164034277e-02
7.322321259221696577e-02
3.958742502728995194e-01
