-2.741677369780878756e-08
3.326060154199859960e-08
-3.084600533555045837e-10
-2.265674119418308286e-10
9.321892802042669760e-18
-4.423065545593437006e-08
2.899208704958144786e-08
-9.567878656568189477e-01
2.907868293645122226e-01
-2.968939546119855855e-10
3.510733998860148804e-10
-8.726867790758792778e-03
-7.322321256958533309e-02
7.371011332932217441e-02
3.958742535676969543e-01
-7.371011426786040766e-02
-7.322321131435247099e-02
3.958742575974861788e-01
7.322321144053797748e-02
-7.371011321607030820e-02
3.958742546540876539e-01
7.371011227773524577e-02
7.322321269597210913e-02
3.958742506281544560e-01
