3.827060502298404433e-09
2.018627843166757641e-08
-7.957783649236049562e-12
7.437310376392206958e-10
1.898241668493750930e-05
-2.294408097471696933e-08
1.104122551450652960e-08
-3.022849768927740044e-01
9.532175998925610516e-01
-8.417006104918211474e-10
3.949712681765212886e-10
-8.727104282626942100e-03
-7.322085806915189232e-02
7.370748899388797348e-02
3.958635548291515871e-01
-7.370748946133595658e-02
-7.322085671652665828e-02
3.958635588840173636e-01
7.322085628514943267e-02
-7.370748827916090429e-02
3.958635559731408238e-01
7.370748781191648058e-02
7.322085763797683833e-02
3.958635519221311294e-01
