-3.103780121540653592e-08
2.351059511759582523e-08
-1.936619443786143354e-10
-3.445826914194188761e-10
-1.721470106754433459e-17
-4.082549332734742820e-08
2.456803456238662167e-08
-9.946937205013787198e-01
1.028805248583168630e-01
-2.350403727635525147e-10
2.873414401649298014e-10
-8.726867790758763288e-03
-7.322321251897129235e-02
7.371011338325826612e-02
3.958742535672254981e-01
-7.371011430302400191e-02
-7.322321137564086202e-02
3.958742575923758222e-01
7.322321149115199046e-02
-7.371011316213435527e-02
3.958742546545593877e-01
7.371011224257155436e-02
7.322321263468392627e-02
3.958742506332652011e-01
