-2.940328869457146811e-08
2.904144367105926244e-08
-2.597501881305403580e-10
-2.877107759188244397e-10
7.328163180893890845e-17
-4.273599052431145191e-08
2.718237376465891167e-08
-9.784907410603411737e-01
2.062907406045697556e-01
-2.666824464964831419e-10
3.227683585790994366e-10
-8.726867790758780635e-03
-7.322321254276516200e-02
7.371011335253245533e-02
3.958742535677319818e-01
-7.371011428719929925e-02
-7.322321134119229302e-02
3.958742575950461307e-01
7.322321146735807917e-02
-7.371011319286001340e-02
3.958742546540522378e-01
7.371011225839621539e-02
7.322321266913228710e-02
3.958742506305940601e-01
