-3.018686217174062176e-08
2.678571644198679589e-08
-2.330462107666709117e-10
-3.136299292570290931e-10
-7.336951596005302588e-17
-4.194999314000253173e-08
2.614350274753339227e-08
-9.865577104149607646e-01
1.634132308620941942e-01
-2.529225987611767223e-10
3.081382754273168527e-10
-8.726867790758759819e-03
-7.322321253177410671e-02
7.371011336510070733e-02
3.958742535675849883e-01
-7.371011429474733090e-02
-7.322321135539426595e-02
3.958742575938935526e-01
7.322321147834925936e-02
-7.371011318029194181e-02
3.958742546542002860e-01
7.371011225084829477e-02
7.322321265493052234e-02
3.958742506317477483e-01
