-2.827645355060507206e-08
3.162644423563617238e-08
-2.898181471882107672e-10
-2.524873316414642082e-10
6.472510676798377013e-18
-4.364831234910774108e-08
2.831526273427956743e-08
-9.663533303331414137e-01
2.572182749223777543e-01
-2.843621673736659733e-10
3.399370410755092943e-10
-8.726867790758742471e-03
-7.322321255807365259e-02
7.371011333821837763e-02
3.958742535677685082e-01
-7.371011427627884027e-02
-7.322321132475873018e-02
3.958742575964929178e-01
7.322321145204971349e-02
-7.371011320717421600e-02
3.958742546540163776e-01
7.371011226931681315e-02
7.322321268556590546e-02
3.958742506291479946e-01
