-3.093409269542841663e-08
2.398520269060951428e-08
-1.994085784474375863e-10
-3.405438425359058934e-10
-4.597398517597026085e-17
-4.098728626654184649e-08
2.480072797918081112e-08
-9.937580550601464724e-01
1.115568375451386207e-01
-2.375011187451966157e-10
2.903274595691607821e-10
-8.726867790758792778e-03
-7.322321252062218011e-02
7.371011338064074880e-02
3.958742535672866714e-01
-7.371011430200005710e-02
-7.322321137273880842e-02
3.958742575925852103e-01
7.322321148950114433e-02
-7.371011316475191422e-02
3.958742546544983809e-01
7.371011224359552694e-02
7.322321263758600762e-02
3.958742506330559796e-01
