-7.557838797107751884e-09
4.259293512292311414e-08
-3.673707896268026783e-10
3.397167422694649775e-10
4.315060786043233203e-12
-4.544447180034050195e-08
2.797777334311067788e-08
-6.768108540602513212e-01
7.361569586889946670e-01
-5.661968744194085513e-10
4.541302365822337896e-10
-8.726867790878098385e-03
-7.322321282974815493e-02
7.371011334703825302e-02
3.958742535514868655e-01
-7.371011407522248815e-02
-7.322321130019812663e-02
3.958742576048098205e-01
7.322321117917612865e-02
-7.371011319701697984e-02
3.958742546634660409e-01
7.371011246903681757e-02
7.322321270892784284e-02
3.958742506139988349e-01
