3.122964000771190588e-09
8.461347611807150014e-09
1.668455134528078040e-10
7.754988626012597379e-10
1.395828166751993723e-03
-1.024707733365356251e-08
4.482047647789719969e-09
-1.666131110031760509e-01
9.860223482466528022e-01
-9.082562268405227309e-10
3.530747163590702735e-10
-8.670824827084868194e-03
-7.316601023107811852e-02
7.364854604034332120e-02
3.970495456190311079e-01
-7.364854650209678999e-02
-7.316600901153076653e-02
3.970495496305091465e-01
7.316600856353523696e-02
-7.364854514028131016e-02
3.970495467978198412e-01
7.364854467873152566e-02
7.316600978328485771e-02
3.970495427902000496e-01
