2.982733541226207317e-09
7.686303199435732961e-09
1.769981894444943856e-10
7.695239539634891173e-10
1.756680844196140774e-03
-9.368470321863931353e-09
4.072062359753408222e-09
-1.579770330049353744e-01
9.874427867187837160e-01
-9.080624883361917446e-10
3.493610195740884928e-10
-8.637488828295264431e-03
-7.316839744309890092e-02
7.365321133090513284e-02
3.976717937508648659e-01
-7.365321179275752250e-02
-7.316839623384391311e-02
3.976717977405287985e-01
7.316839578829152646e-02
-7.365321042243617999e-02
3.976717949307627120e-01
7.365320996078758564e-02
7.316839699774894956e-02
3.976717909449593580e-01
