-3.135890368768373778e-08
9.022319140867824771e-09
-1.384072564563760742e-11
-4.076142598558692118e-10
-5.558463758758254112e-17
-3.599153063725077678e-08
1.689224973699197211e-08
-9.874277930833177397e-01
-1.580707229268179803e-01
-1.731440290285569392e-10
1.987703060867815193e-10
-8.726867790758822269e-03
-7.322321249238494811e-02
7.371011345895199518e-02
3.958742535644388383e-01
-7.371011431322081753e-02
-7.322321145792679009e-02
3.958742575873727132e-01
7.322321151773816816e-02
-7.371011308644072335e-02
3.958742546573464915e-01
7.371011223237476651e-02
7.322321255239820637e-02
3.958742506382684212e-01
