-2.039917683126299479e-09
3.806447973425745177e-08
-2.855376276961345083e-10
5.086019669680244399e-10
8.105153908824434613e-10
-4.084820637064496397e-08
2.342237002228551795e-08
-5.605657445823993834e-01
8.281099238632378956e-01
-6.609365284518050747e-10
4.494913515852042544e-10
-8.726867812719089207e-03
-7.322321277684325225e-02
7.371011329960473757e-02
3.958742529085610973e-01
-7.371011391871652718e-02
-7.322321125401487496e-02
3.958742569663561972e-01
7.322321100830538054e-02
-7.371011299496307845e-02
3.958742540331825488e-01
7.371011237605525068e-02
7.322321253133576291e-02
3.958742499792434755e-01
