3.638606416240952449e-09
1.225336502916623403e-08
1.110899286780861780e-10
7.780902880330303653e-10
4.079132430842829365e-04
-1.446640246407851017e-08
6.524329922931518169e-09
-2.095164469605380331e-01
9.778051229427220381e-01
-8.942166820216921132e-10
3.678228777592402390e-10
-8.722742518649134399e-03
-7.319030464540854375e-02
7.367349149226105898e-02
3.959319582595333120e-01
-7.367349195086891900e-02
-7.319030338222384802e-02
3.959319623077197092e-01
7.319030293136535859e-02
-7.367349064441416906e-02
3.959319594207657556e-01
7.367349018600982680e-02
7.319030419475218430e-02
3.959319553764345523e-01
