-3.139250000709570223e-08
2.159504181544451676e-08
-1.703484279027665304e-10
-3.594608253089686284e-10
-3.708785703479530703e-18
-4.017612310979619388e-08
2.361515105930422286e-08
-9.976782585006184201e-01
6.810354260367561252e-02
-2.254935218947505136e-10
2.753706699224559410e-10
-8.726867790758763288e-03
-7.322321251293556488e-02
7.371011339375710403e-02
3.958742535669524387e-01
-7.371011430661324193e-02
-7.322321138723256184e-02
3.958742575915648598e-01
7.322321149718766242e-02
-7.371011315163550348e-02
3.958742546548323915e-01
7.371011223898227271e-02
7.322321262309221257e-02
3.958742506340759970e-01
