-3.865161746703402838e-09
4.005736033480986452e-08
-3.196931715599145871e-10
4.510780487358833108e-10
1.277515122632894616e-10
-4.281280337927634085e-08
2.521877907764054680e-08
-6.031374334643444524e-01
7.976372837035896612e-01
-6.271246845672703742e-10
4.530509093438157896e-10
-8.726867794260122213e-03
-7.322321285394539636e-02
7.371011337453517442e-02
3.958742534497705634e-01
-7.371011403200607159e-02
-7.322321132230015517e-02
3.958742575063534108e-01
7.322321112069823945e-02
-7.371011313129684217e-02
3.958742545699359683e-01
7.371011247402996236e-02
7.322321265254537470e-02
3.958742505172089254e-01
