-3.186213105345257308e-08
1.429958624134056410e-08
-8.012980297316276625e-11
-3.972627316065302743e-10
-3.411779282858586314e-17
-3.774200796328095363e-08
1.980784357194682882e-08
-9.980322787875642865e-01
-6.270223678705159898e-02
-1.934749797510511905e-10
2.306543756748265308e-10
-8.726867790758804921e-03
-7.322321249760278816e-02
7.371011343246333669e-02
3.958742535656126771e-01
-7.371011431353911847e-02
-7.322321142942742056e-02
3.958742575889181436e-01
7.322321151252038363e-02
-7.371011311292938184e-02
3.958742546561725972e-01
7.371011223205643781e-02
7.322321258089753426e-02
3.958742506367230463e-01
