2.030557928631993553e-09
3.019387670692593462e-08
-1.596088588115182370e-10
6.506876231571431540e-10
1.508344739276507980e-07
-3.312328420546921843e-08
1.744084352986684350e-08
-4.320059700986584872e-01
9.018707456166408232e-01
-7.563913463362616884e-10
4.283199800464792676e-10
-8.726871411676089679e-03
-7.322319219932689471e-02
7.371009043898270330e-02
3.958741377964073438e-01
-7.371009096196938504e-02
-7.322319074034555619e-02
3.958741418548096802e-01
7.322319038123345503e-02
-7.371008993104495588e-02
3.958741389323737203e-01
7.371008940826204170e-02
7.322319184041695128e-02
3.958741348778275215e-01
