-2.133809963529932140e-08
4.050643483414240770e-08
-3.848156115892955676e-10
-5.228383045415655555e-11
-1.801370808449796443e-17
-4.678458879852504399e-08
3.131556695034901801e-08
-8.837242349418314991e-01
4.680079877272086408e-01
-3.772920417306415835e-10
4.054946410329464979e-10
-8.726867790758792778e-03
-7.322321265070642904e-02
7.371011329575323512e-02
3.958742535656757933e-01
-7.371011420653361679e-02
-7.322321127110952010e-02
3.958742576029829485e-01
7.322321135941697867e-02
-7.371011324963909483e-02
3.958742546561090370e-01
7.371011233906230031e-02
7.322321273921506002e-02
3.958742506226580748e-01
