-2.597373202534475320e-08
3.555343801377390198e-08
-3.339921940210279796e-10
-1.841648368445797238e-10
7.433924159940983862e-18
-4.505210883905401604e-08
2.987465748789279843e-08
-9.402580143620452580e-01
3.404627239918355808e-01
-3.168611511609674639e-10
3.671896795602511636e-10
-8.726867790758728594e-03
-7.322321258880495898e-02
7.371011331725925431e-02
3.958742535674312779e-01
-7.371011425355311619e-02
-7.322321129987882649e-02
3.958742575990024659e-01
7.322321142131840710e-02
-7.371011322813321442e-02
3.958742546543533858e-01
7.371011229204257886e-02
7.322321271044575364e-02
3.958742506266383354e-01
