-3.162252248122702978e-08
1.092178784302206598e-08
-3.777624260404614759e-11
-4.054811613579178165e-10
-5.594945060583026318e-17
-3.662306551857721509e-08
1.795728632282331620e-08
-9.923428674247238845e-01
-1.235136975046698116e-01
-1.802733277006635991e-10
2.102290490788028807e-10
-8.726867790758789309e-03
-7.322321249378854757e-02
7.371011344957148492e-02
3.958742535648764327e-01
-7.371011431377780254e-02
-7.322321144786361757e-02
3.958742575878972936e-01
7.322321151633458258e-02
-7.371011309582124749e-02
3.958742546569090082e-01
7.371011223181778149e-02
7.322321256246137888e-02
3.958742506377438408e-01
