-3.167418947630252164e-08
1.140071138331294600e-08
-4.379885270451594738e-11
-4.046607341827175786e-10
-3.573786926686166913e-17
-3.678189494400596160e-08
1.822301003514668288e-08
-9.933829287148507881e-01
-1.148492792223960585e-01
-1.821006945793223493e-10
2.131199779043608962e-10
-8.726867790758832677e-03
-7.322321249422295009e-02
7.371011344717899594e-02
3.958742535649841798e-01
-7.371011431384251467e-02
-7.322321144529203574e-02
3.958742575880349612e-01
7.322321151590018007e-02
-7.371011309821373647e-02
3.958742546568010945e-01
7.371011223175302773e-02
7.322321256503291909e-02
3.958742506376060621e-01
