-1.041843510979563406e-08
4.352846760977359015e-08
-3.897705506640155752e-10
2.563157974479082434e-10
3.670795179565339766e-13
-4.663293735499987382e-08
2.950346968378560767e-08
-7.265138903965628892e-01
6.871517787656871157e-01
-5.234000491533321365e-10
4.505396306236529089e-10
-8.726867790769022443e-03
-7.322321279506718850e-02
7.371011332254240322e-02
3.958742535574356070e-01
-7.371011409945682491e-02
-7.322321128069263219e-02
3.958742576077677322e-01
7.322321121495392604e-02
-7.371011322273594846e-02
3.958742546637681881e-01
7.371011244602559964e-02
7.322321272953004334e-02
3.958742506172919784e-01
