3.467460979887628092e-09
1.074962380328482139e-08
1.337162682714148085e-10
7.801194823517749325e-10
6.775566202084899823e-04
-1.280864186106097633e-08
5.708088223344903552e-09
-1.924073587584368417e-01
9.813151421921512130e-01
-9.016845223105658861e-10
3.625223233581014627e-10
-8.714084266735359907e-03
-7.317811546209812557e-02
7.366012663126117466e-02
3.961345468146605930e-01
-7.366012709098687661e-02
-7.317811421575372288e-02
3.961345508561811557e-01
7.317811376477932617e-02
-7.366012576131597545e-02
3.961345479832939498e-01
7.366012530179380513e-02
7.317811501132585883e-02
3.961345439456287476e-01
