2.659101473450682548e-09
6.097177435179081790e-09
1.925325209294566748e-10
7.407751406194964074e-10
2.733829706313303538e-03
-7.552563774712425064e-09
3.254359331639225094e-09
-1.406350893161926185e-01
9.900614989247014108e-01
-8.994536625914595614e-10
3.428572999889285086e-10
-8.503613292264634513e-03
-7.319674968637575330e-02
7.369576415545137094e-02
3.998044004610321056e-01
-7.369576461365553999e-02
-7.319674850511644071e-02
3.998044043677148052e-01
7.319674806990257576e-02
-7.369576323712463684e-02
3.998044016401900991e-01
7.369576277912480433e-02
7.319674925136473997e-02
3.998043977373766378e-01
