-2.463987654560969635e-08
3.729784529438121970e-08
-3.527659086488665838e-10
-1.457492997578912631e-10
-2.650861586980907320e-17
-4.567596887017038136e-08
3.047602461056290348e-08
-9.245123216352328921e-01
3.811521574707777416e-01
-3.346076477507960024e-10
3.799712229567785423e-10
-8.726867790758815330e-03
-7.322321260656304565e-02
7.371011330866206190e-02
3.958742535670529694e-01
-7.371011424015544433e-02
-7.322321128914048571e-02
3.958742576002719504e-01
7.322321140356036206e-02
-7.371011323673039295e-02
3.958742546547318608e-01
7.371011230544034787e-02
7.322321272118409441e-02
3.958742506253690729e-01
