-2.571616503352667556e-08
3.591512523877517766e-08
-3.379381987091915491e-10
-1.767000490464613815e-10
-1.482227170116014957e-17
-4.518176178105233026e-08
3.000509810884780459e-08
-9.372511521711821558e-01
3.486549551545030656e-01
-3.203289134977878380e-10
3.697969230787959516e-10
-8.726867790758711246e-03
-7.322321259223234236e-02
7.371011331542429157e-02
3.958742535673674401e-01
-7.371011425097787062e-02
-7.322321129762517089e-02
3.958742575992566515e-01
7.322321141789107923e-02
-7.371011322996819104e-02
3.958742546544173346e-01
7.371011229461785219e-02
7.322321271269939535e-02
3.958742506263843164e-01
