-3.032616884364746607e-08
2.632531104060763533e-08
-2.275503772855332445e-10
-3.184341461658086720e-10
-3.252773333417438544e-17
-4.179074646327130184e-08
2.592652189458513603e-08
-9.879461766803520062e-01
1.547977777058582582e-01
-2.502719153489658444e-10
3.051856428612747869e-10
-8.726867790758813595e-03
-7.322321252976382588e-02
7.371011336766376820e-02
3.958742535675437990e-01
-7.371011429609070076e-02
-7.322321135826978522e-02
3.958742575936693431e-01
7.322321148035951244e-02
-7.371011317772883931e-02
3.958742546542411977e-01
7.371011224950485552e-02
7.322321265205494756e-02
3.958742506319716803e-01
