-4.833930916547706746e-09
4.089303225747922696e-08
-3.346305946269659713e-10
4.213258830893240441e-10
5.071159577587979676e-11
-4.365193517683440849e-08
2.604289812646334011e-08
-6.238104632749563727e-01
7.815756559084231503e-01
-6.103326419492181033e-10
4.540444364053554826e-10
-8.726867792153543413e-03
-7.322321285440411276e-02
7.371011337244078032e-02
3.958742535118102146e-01
-7.371011404932943656e-02
-7.322321132103500052e-02
3.958742575676248987e-01
7.322321114163329869e-02
-7.371011315724483592e-02
3.958742546297256970e-01
7.371011248056025256e-02
7.322321267520427723e-02
3.958742505777668175e-01
