2.351781576120222585e-09
2.290104872771169372e-09
1.791811594154231306e-10
4.559087099202267252e-10
6.414379456022546548e-03
-2.989144519449466792e-09
2.890339319928265697e-09
-1.054197716228691406e-01
9.944278112316560225e-01
-6.360615996642987438e-10
7.730559378834811012e-10
-7.331613940707724236e-03
-7.332469603676573799e-02
7.398608868010583817e-02
4.110457056038435142e-01
-7.398608903632533651e-02
-7.332469515250387981e-02
4.110457094869713335e-01
7.332469497363332256e-02
-7.398608799801661973e-02
4.110457091741288038e-01
7.398608764200399757e-02
7.332469585810019730e-02
4.110457052949139656e-01
