-1.114517875134430724e-08
4.364494986968111770e-08
-3.937703720760828409e-10
2.354010005968116310e-10
1.982822489052252734e-13
-4.684295392278743109e-08
2.981799706135994526e-08
-7.383956909392302981e-01
6.743677065239509494e-01
-5.129641975208004790e-10
4.490820015111034493e-10
-8.726867790764300525e-03
-7.322321278584639770e-02
7.371011331750032536e-02
3.958742535582393529e-01
-7.371011410595103286e-02
-7.322321127687277109e-02
3.958742576077675657e-01
7.322321122422162376e-02
-7.371011322783030395e-02
3.958742546632315062e-01
7.371011243958364156e-02
7.322321273339675585e-02
3.958742506175592091e-01
