-2.932282529117397078e-09
3.911418991426727874e-08
-3.033224268454269088e-10
4.802049828036099978e-10
3.218030248462809404e-10
-4.187888107047568805e-08
2.434441274650157975e-08
-5.820510433818952833e-01
8.131522507489262752e-01
-6.440028744356639221e-10
4.515325390900445445e-10
-8.726867799536032130e-03
-7.322321283633130562e-02
7.371011335943065956e-02
3.958742532953340443e-01
-7.371011399759526406e-02
-7.322321130819232915e-02
3.958742573525799724e-01
7.322321108443892446e-02
-7.371011308633669545e-02
3.958742544177398237e-01
7.371011244837609444e-02
7.322321261277987825e-02
3.958742503643498667e-01
