2.416018019633556473e-09
5.272362118161147010e-09
1.926852312691856408e-10
7.099941690047664909e-10
3.381459710644055174e-03
-6.614556518547567381e-09
2.767925671348522691e-09
-1.319223697793833749e-01
9.912600508200618554e-01
-8.891464249791760107e-10
3.229683057663718462e-10
-8.375846953186516855e-03
-7.322848648238218516e-02
7.374500652059039207e-02
4.015360552519739445e-01
-7.374500697366172253e-02
-7.322848532498124619e-02
4.015360590508417205e-01
7.322848489405085759e-02
-7.374500560559053841e-02
4.015360563510815273e-01
7.374500515272393308e-02
7.322848605165505065e-02
4.015360525560904281e-01
