-3.182292222000887515e-08
1.332924733989799726e-08
-6.799379402662892978e-11
-4.002053284067946536e-10
-7.976176124197159422e-18
-3.742069471250482846e-08
1.928182679366432715e-08
-9.967859687164928317e-01
-8.011075189961260057e-02
-1.896026045462765912e-10
2.247764260953592064e-10
-8.726867790758791044e-03
-7.322321249632257611e-02
7.371011343743361088e-02
3.958742535654071193e-01
-7.371011431377771927e-02
-7.322321143479522398e-02
3.958742575886127213e-01
7.322321151380056792e-02
-7.371011310795909377e-02
3.958742546563779885e-01
7.371011223181778149e-02
7.322321257552968921e-02
3.958742506370282466e-01
