-1.658070731436794762e-08
4.309164750993233296e-08
-4.041096325667592451e-10
8.123288749518009914e-11
1.983583633458358237e-15
-4.745261781453762191e-08
3.130142201052529661e-08
-8.201012623310072192e-01
5.722184194196174856e-01
-4.388309031295553372e-10
4.314413888141816357e-10
-8.726867790758850024e-03
-7.322321271450343838e-02
7.371011329476370721e-02
3.958742535627900461e-01
-7.371011415814543444e-02
-7.322321126282783921e-02
3.958742576059458007e-01
7.322321129561927544e-02
-7.371011325062780395e-02
3.958742546589912314e-01
7.371011238744988592e-02
7.322321274749606090e-02
3.958742506196916700e-01
