-2.647452547902834082e-08
3.481192007503344942e-08
-3.258270734609549891e-10
-1.987580567870557704e-10
-4.412123871715940755e-17
-4.478619789538491786e-08
2.959913966824378098e-08
-9.460567023480663806e-01
3.240011048473437349e-01
-3.100465030897480970e-10
3.619044485092472245e-10
-8.726867790758791044e-03
-7.322321258214074813e-02
7.371011332108791392e-02
3.958742535675420782e-01
-7.371011425854230581e-02
-7.322321130453038340e-02
3.958742575984950385e-01
7.322321142798268734e-02
-7.371011322430463808e-02
3.958742546542428631e-01
7.371011228705343088e-02
7.322321270579422448e-02
3.958742506271460404e-01
