3.860564674148051528e-09
1.949377523450909523e-08
2.386645409453642752e-12
7.479506658166139510e-10
2.544230744423705892e-05
-2.221977152029322005e-08
1.063019332454663626e-08
-2.939549639360765076e-01
9.558192711895586724e-01
-8.467838536371423455e-10
3.925631377497925744e-10
-8.727152741208053441e-03
-7.322011059223804130e-02
7.370665575062167185e-02
3.958607535421174717e-01
-7.370665621617683572e-02
-7.322010924739252857e-02
3.958607575966798242e-01
7.322010881309308494e-02
-7.370665502324691420e-02
3.958607546867150551e-01
7.370665455789535137e-02
7.322011015814078316e-02
3.958607506360087847e-01
