4.626792543185696364e-15
-6.627609588425039700e-16
1.802558838827565005e-15
1.721546139162651014e-15
1.355109817467568692e-04
-2.066325200870470606e-16
1.646986046156057206e-15
-2.676814223390767966e-02
9.996416690801487315e-01
-8.351488688888519230e-17
1.098177111681660305e-15
-1.741569300066493631e-02
-5.072207689809348635e-02
4.910655283755643863e-02
-5.004683007257479388e-02
-4.910655283755640393e-02
-5.072207689809344472e-02
-5.004683007257562655e-02
5.072207689809346554e-02
-4.910655283755643863e-02
-5.004683007257495347e-02
4.910655283755640393e-02
5.072207689809344472e-02
-5.004683007257545307e-02
