-3.153362509651823230e-08
2.062898327812242137e-08
-1.585234371279314425e-10
-3.661350074405799253e-10
-4.870768489510025168e-17
-3.985066587233270276e-08
2.312667763292934123e-08
-9.987148779748240557e-01
5.068128364327608576e-02
-2.208913449534286396e-10
2.693778515403406244e-10
-8.726867790758787574e-03
-7.322321251024750677e-02
7.371011339900634951e-02
3.958742535668003937e-01
-7.371011430811329201e-02
-7.322321139300155823e-02
3.958742575911758932e-01
7.322321149987580380e-02
-7.371011314638636902e-02
3.958742546549849917e-01
7.371011223748231977e-02
7.322321261732334108e-02
3.958742506344655188e-01
