-3.119344414524119876e-08
8.083839102825483326e-09
-1.988663983373799356e-12
-4.080042801057624103e-10
-2.548912317774118775e-17
-3.567814220919197433e-08
1.635930441130621781e-08
-9.845186885453632852e-01
-1.752796391624434069e-01
-1.696819283962640816e-10
1.931092347809206949e-10
-8.726867790758799717e-03
-7.322321249187067893e-02
7.371011346352310256e-02
3.958742535642171823e-01
-7.371011431277531278e-02
-7.322321146281983439e-02
3.958742575871257441e-01
7.322321151825238184e-02
-7.371011308186958821e-02
3.958742546575679810e-01
7.371011223282024349e-02
7.322321254750514818e-02
3.958742506385152238e-01
