-1.902075343311829956e-08
4.202843320696561183e-08
-3.977137522134861235e-10
1.275057609354161061e-11
2.311502290746487806e-16
-4.724227340364000323e-08
3.146847383865411340e-08
-8.535047069627904603e-01
5.210851323846785732e-01
-4.070718868164262688e-10
4.194944351100487532e-10
-8.726867790758818799e-03
-7.322321268180952136e-02
7.371011329282341207e-02
3.958742535643917093e-01
-7.371011418284036110e-02
-7.322321126463757213e-02
3.958742576045622408e-01
7.322321132831374757e-02
-7.371011325256873747e-02
3.958742546573925103e-01
7.371011236275548661e-02
7.322321274568685534e-02
3.958742506210781165e-01
