-1.078146485866298563e-08
4.359250174376549785e-08
-3.918497150625294450e-10
2.458564411714172315e-10
2.697798042120406086e-13
-4.674210421476825044e-08
2.966413058243633715e-08
-7.324826813639506717e-01
6.807856648768934038e-01
-5.181677220979157950e-10
4.498383132797251051e-10
-8.726867790766302396e-03
-7.322321279047526443e-02
7.371011331996259186e-02
3.958742535578497757e-01
-7.371011410268292485e-02
-7.322321127872563618e-02
3.958742576077822206e-01
7.322321121957289791e-02
-7.371011322534590238e-02
3.958742546635080073e-01
7.371011244282961450e-02
7.322321273152405940e-02
3.958742506174314779e-01
