3.897817768743717667e-09
1.808942831338408002e-08
2.336243905426026916e-11
7.557901505692166655e-10
4.541558861205958363e-05
-2.074222657951828093e-08
9.807246722181004260e-09
-2.772281619358288873e-01
9.608041143904835213e-01
-8.568366875620421536e-10
3.876874157740051986e-10
-8.727248863372605997e-03
-7.321790637551670033e-02
7.370419841657306625e-02
3.958537850824135340e-01
-7.370419887897614042e-02
-7.321790504651463916e-02
3.958537891363604899e-01
7.321790460701958769e-02
-7.370419766415918505e-02
3.958537862284976505e-01
7.370419720195969804e-02
7.321790593622386212e-02
3.958537821784067212e-01
