-1.192688398778618867e-09
3.690960206112193369e-08
-2.663639467701420518e-10
5.361639028867938942e-10
2.041042351444895250e-09
-3.971916117305976468e-08
2.245542944873332541e-08
-5.386962620069022378e-01
8.425000518099622360e-01
-6.778942172428711581e-10
4.469311293582173372e-10
-8.726867845555446104e-03
-7.322321261345748900e-02
7.371011312593850340e-02
3.958742519381684977e-01
-7.371011372639597881e-02
-7.322321109775316306e-02
3.958742559963907559e-01
7.322321083043306644e-02
-7.371011278819415702e-02
3.958742530649657088e-01
7.371011218794061570e-02
7.322321234633948073e-02
3.958742490105994216e-01
