-1.693520530949904771e-08
4.296944179887057193e-08
-4.036133122258396055e-10
7.127028864103239287e-11
1.396400060537481661e-15
-4.743954269004917417e-08
3.134542257072642171e-08
-8.250635197377571561e-01
5.650399883175882820e-01
-4.341762800339662767e-10
4.298695255034567992e-10
-8.726867790758830942e-03
-7.322321270976511753e-02
7.371011329416728153e-02
3.958742535630381809e-01
-7.371011416170425434e-02
-7.322321126277950287e-02
3.958742576057632245e-01
7.322321130035779058e-02
-7.371011325122446556e-02
3.958742546587443734e-01
7.371011238389131581e-02
7.322321274754464704e-02
3.958742506198755229e-01
