-1.798762098857854847e-08
4.254275683237829870e-08
-4.012811658751644324e-10
4.172595579089400086e-11
5.789401708033944498e-16
-4.736551138194982237e-08
3.143694173180113911e-08
-8.395718136420349254e-01
5.432487181188933034e-01
-4.204456524168211479e-10
4.248801842268985762e-10
-8.726867790758804921e-03
-7.322321269567090563e-02
7.371011329302538939e-02
3.958742535637437276e-01
-7.371011417233370999e-02
-7.322321126325727347e-02
3.958742576051835771e-01
7.322321131445222453e-02
-7.371011325236660749e-02
3.958742546580399368e-01
7.371011237326206833e-02
7.322321274706704297e-02
3.958742506204562805e-01
