-9.211050338495665574e-10
3.650156969629398108e-08
-2.596693073644183357e-10
5.451474988433505097e-10
2.776670060975804233e-09
-3.932072492985479309e-08
2.212364586212092291e-08
-5.313236434792258933e-01
8.471689240523159192e-01
-6.835465694215257191e-10
4.459632428532904405e-10
-8.726867865025970256e-03
-7.322321251366943617e-02
7.371011301796558113e-02
3.958742513592046208e-01
-7.371011361231889769e-02
-7.322321100074240252e-02
3.958742554175408435e-01
7.322321072632188843e-02
-7.371011266886738633e-02
3.958742524867154833e-01
7.371011207471803162e-02
7.322321223945101043e-02
3.958742484322352873e-01
