-5.833981788309828949e-09
4.162064824710719766e-08
-3.481211462503773978e-10
3.910524458425951158e-10
2.012915761695842157e-11
-4.439855782660405489e-08
2.681441918824639782e-08
-6.440559645531646060e-01
7.649783751999070791e-01
-5.936563891570345504e-10
4.545126970379645032e-10
-8.726867791313789799e-03
-7.322321284758546989e-02
7.371011336411403825e-02
3.958742535371259086e-01
-7.371011406039418290e-02
-7.322321131424050500e-02
3.958742575920764506e-01
7.322321115694600813e-02
-7.371011317504279348e-02
3.958742546527967421e-01
7.371011247896672169e-02
7.322321269049278381e-02
3.958742506017019491e-01
