-1.550797553420938046e-08
4.339663690856373452e-08
-4.047368636023485743e-10
1.114266397967953365e-10
4.956416220626150528e-15
-4.745502025899226499e-08
3.112854773943915445e-08
-8.048413021249319899e-01
5.934900828100168058e-01
-4.530225550147727330e-10
4.358739701134180624e-10
-8.726867790758855228e-03
-7.322321272880247256e-02
7.371011329721943728e-02
3.958742535620086156e-01
-7.371011414745956558e-02
-7.322321126361526489e-02
3.958742576064595009e-01
7.322321128131935308e-02
-7.371011324817110244e-02
3.958742546597678880e-01
7.371011239813492211e-02
7.322321274670788582e-02
3.958742506191732513e-01
