-1.442422906305928602e-08
4.360698402027691279e-08
-4.040455876298610026e-10
1.420206501489085545e-10
1.234083114741202465e-14
-4.739914583298707935e-08
3.089395195886869863e-08
-7.890297438931007656e-01
6.143549977431489451e-01
-4.675464319186889848e-10
4.398692912489273778e-10
-8.726867790759085947e-03
-7.322321274316910544e-02
7.371011330069926482e-02
3.958742535611710078e-01
-7.371011413681791136e-02
-7.322321126539103886e-02
3.958742576069152475e-01
7.322321126695070792e-02
-7.371011324468904058e-02
3.958742546605943935e-01
7.371011240877436976e-02
7.322321274493014120e-02
3.958742506187063470e-01
