-2.545391786410432803e-08
3.627056108483196104e-08
-3.417905160648192982e-10
-1.691247917167301965e-10
-5.566193383569342828e-17
-4.530907906650841918e-08
3.013054148929616843e-08
-9.341729146763657621e-01
3.568206348924628513e-01
-3.238372657899020714e-10
3.723794851381261255e-10
-8.726867790758759819e-03
-7.322321259572249497e-02
7.371011331364502039e-02
3.958742535672978291e-01
-7.371011424834973680e-02
-7.322321129542243290e-02
3.958742575995108925e-01
7.322321141440096826e-02
-7.371011323174750385e-02
3.958742546544871677e-01
7.371011229724604152e-02
7.322321271490217498e-02
3.958742506261302974e-01
