-2.867416364596070759e-08
3.078138247974465031e-08
-2.800597841546558313e-10
-2.647215836917060388e-10
-3.775737934766557493e-17
-4.334876894408829060e-08
2.795256149584967396e-08
-9.706952279173364229e-01
2.403139082502459001e-01
-2.783227127524602924e-10
3.342699378428798111e-10
-8.726867790758739002e-03
-7.322321255271055374e-02
7.371011334287547179e-02
3.958742535677748364e-01
-7.371011428014676015e-02
-7.322321133014171590e-02
3.958742575960043086e-01
7.322321145741284010e-02
-7.371011320251716348e-02
3.958742546540102158e-01
7.371011226544892103e-02
7.322321268018298912e-02
3.958742506296368813e-01
