-7.208140033896089566e-09
4.242248214800205604e-08
-3.638448007011458806e-10
3.500543926391785355e-10
5.871697748087287839e-12
-4.525464346333314918e-08
2.775767627148198275e-08
-6.703609833443914257e-01
7.420351420313848756e-01
-5.716506503794521346e-10
4.543224873842376817e-10
-8.726867790921058812e-03
-7.322321283368167510e-02
7.371011335047149282e-02
3.958742535498890325e-01
-7.371011407233819812e-02
-7.322321130300703251e-02
3.958742576035545468e-01
7.322321117481010722e-02
-7.371011319310145915e-02
3.958742546625992342e-01
7.371011247143882672e-02
7.322321270568647733e-02
3.958742506127894689e-01
