3.878166535882770076e-09
1.593851041204454787e-08
5.555437276330532664e-11
7.660040907025787394e-10
1.062105269916255101e-04
-1.845577457454920855e-08
8.573002564400423736e-09
-2.519800689022332896e-01
9.677324242144754729e-01
-8.715615304943221300e-10
3.802901914330109042e-10
-8.727210657981841757e-03
-7.321188839833932260e-02
7.369748936389254601e-02
3.958436989353589786e-01
-7.369748982320227515e-02
-7.321188709368052494e-02
3.958437029882713731e-01
7.321188664808377100e-02
-7.369748857468512437e-02
3.958437000848435972e-01
7.369748811557891299e-02
7.321188795294476803e-02
3.958436960357868406e-01
