-1.005624606220406629e-08
4.345278914170327276e-08
-3.875322700245473959e-10
2.667756892590366959e-10
4.994667574752777783e-13
-4.651531913631734900e-08
2.933604292773695831e-08
-7.204897725836076905e-01
6.934655633861122048e-01
-5.286603785738321077e-10
4.511855614530082910e-10
-8.726867790772632402e-03
-7.322321279961746532e-02
7.371011332523827453e-02
3.958742535569897414e-01
-7.371011409627467592e-02
-7.322321128277241298e-02
3.958742576077166619e-01
7.322321121036688696e-02
-7.371011321999908217e-02
3.958742546640045545e-01
7.371011244916673977e-02
7.322321272741351417e-02
3.958742506171336051e-01
