-1.412056593902298253e-10
3.520933017296711938e-08
-2.386934873152199539e-10
5.714329005641512963e-10
6.989374585363313733e-09
-3.805863259344063199e-08
2.110148442239591216e-08
-5.089652749144946142e-01
8.607870520234438549e-01
-7.004861086217728270e-10
4.427195518448049394e-10
-8.726867975119644016e-03
-7.322321193606767809e-02
7.371011238522798270e-02
3.958742480530319519e-01
-7.371011296168696048e-02
-7.322321043267340790e-02
3.958742521116210278e-01
7.322321013734038597e-02
-7.371011200119338691e-02
3.958742491826407472e-01
7.371011142493832935e-02
7.322321164093677226e-02
3.958742451279076979e-01
