1.767187411868595404e-02
3.721207829283570967e-02
5.548263238571010929e-04
5.275783819802086494e-04
1.187647643541378615e-04
-1.590537147814757336e-03
9.884922351417918529e-01
-1.544167978036489297e-04
1.512631726872686322e-01
-1.180609137973607215e-05
9.999994397106976862e+01
-6.289343786437145536e-06
5.092508007264842304e-03
-1.059357270172656476e-02
-6.619845216117910963e-05
-2.996694233039004594e-03
-1.553287017522837939e-02
2.642698212159075299e-02
-4.451440376324333759e-03
-1.608015426973231909e-02
1.152848273114914779e-02
1.589241475519507368e-03
-1.073342637561713886e-02
-1.328763029193825301e-02
