3.813836138990659642e-09
1.447815898088263685e-08
7.750534689253131976e-11
7.716965676812514999e-10
1.841230891308987731e-04
-1.688635472292169958e-08
7.751899624921763981e-09
-2.350495272414969417e-01
9.719833947879710223e-01
-8.810269591307079423e-10
3.753395569496759754e-10
-8.726657325085174569e-03
-7.320521912095910577e-02
7.369005799252879851e-02
3.958479220721252134e-01
-7.369005845089536544e-02
-7.320521783279897166e-02
3.958479261240052116e-01
7.320521738432324288e-02
-7.369005717940445288e-02
3.958479232251683189e-01
7.369005672124145923e-02
7.320521867268553473e-02
3.958479191771437367e-01
