3.884176873984679596e-09
1.879473949192031341e-08
1.282654637562316107e-11
7.519710384849237066e-10
3.403099390067875656e-05
-2.148577240017040404e-08
1.021881243503999127e-08
-2.856024887443682769e-01
9.583481718159753138e-01
-8.518302464602244165e-10
3.901337240334287262e-10
-8.727202914679146536e-03
-7.321914478844539220e-02
7.370557906904828815e-02
3.958574713162753000e-01
-7.370557953292063147e-02
-7.321914345147698122e-02
3.958574753705318416e-01
7.321914301447010609e-02
-7.370557832910852591e-02
3.958574724615619989e-01
7.370557786543979750e-02
7.321914435164070256e-02
3.958574684111614839e-01
