-2.806948441430147664e-08
3.204221012003522678e-08
-2.945910422513843575e-10
-2.461876194558247077e-10
-4.577803820767816669e-17
-4.379611149635700198e-08
2.849068233630866596e-08
-9.640719101524536372e-01
2.656413974797533495e-01
-2.874379990941815242e-10
3.427470024093061249e-10
-8.726867790758791044e-03
-7.322321256085338737e-02
7.371011333593924242e-02
3.958742535677583496e-01
-7.371011427425944174e-02
-7.322321132210936334e-02
3.958742575967396093e-01
7.322321144927004810e-02
-7.371011320945340672e-02
3.958742546540268692e-01
7.371011227133628108e-02
7.322321268821531393e-02
3.958742506289016361e-01
