-8.976304666616029375e-09
4.315536406336853511e-08
-3.798576784039857938e-10
2.981239422539693293e-10
1.258672371969757198e-12
-4.611044076820016187e-08
2.879350980976965041e-08
-7.020900665271159191e-01
7.120881535905136950e-01
-5.446012924016921481e-10
4.527877637386887036e-10
-8.726867790793587862e-03
-7.322321281296285955e-02
7.371011333399669907e-02
3.958742535553431696e-01
-7.371011408700257894e-02
-7.322321128966535753e-02
3.958742576072214470e-01
7.322321119681043933e-02
-7.371011321100537361e-02
3.958742546644484217e-01
7.371011245820355273e-02
7.322321272030958561e-02
3.958742506164260044e-01
