-6.173491518047944845e-09
4.183913469507236918e-08
-3.522949358601011001e-10
3.808632705317234894e-10
1.479314764806057578e-11
-4.462731190780371952e-08
2.705953185342716406e-08
-6.507070518222981548e-01
7.593288699297097155e-01
-5.881283401160660162e-10
4.545522292994979152e-10
-8.726867791166973212e-03
-7.322321284446976775e-02
7.371011336080718346e-02
3.958742535417206221e-01
-7.371011406352225015e-02
-7.322321131151368623e-02
3.958742575963634103e-01
7.322321116154388576e-02
-7.371011318000240953e-02
3.958742546566468290e-01
7.371011247749137407e-02
7.322321269470176419e-02
3.958742506058597899e-01
