-2.957149720789158783e-08
2.859697348622261643e-08
-2.545196098642384502e-10
-2.931465472821530848e-10
9.766104891739239090e-18
-4.258035579706166161e-08
2.698105039585500594e-08
-9.802536866020562512e-01
1.977440514985845388e-01
-2.638615568058634449e-10
3.198623958115826622e-10
-8.726867790758735532e-03
-7.322321254044013294e-02
7.371011335500771144e-02
3.958742535677107210e-01
-7.371011428882082162e-02
-7.322321134400387732e-02
3.958742575948115405e-01
7.322321146968316374e-02
-7.371011319038484055e-02
3.958742546540738871e-01
7.371011225677473466e-02
7.322321266632078607e-02
3.958742506308290388e-01
