-3.004171033764884491e-08
2.724323483861685731e-08
-2.384931113781928321e-10
-3.086987725012842399e-10
3.118221762962771041e-18
-4.210863527177487162e-08
2.635753895066832350e-08
-9.850941139603077712e-01
1.720162394681196416e-01
-2.556064648458174934e-10
3.110829427710360698e-10
-8.726867790758792778e-03
-7.322321253384633799e-02
7.371011336255192670e-02
3.958742535676220697e-01
-7.371011429334897724e-02
-7.322321135252828073e-02
3.958742575941195940e-01
7.322321147627695870e-02
-7.371011318284063918e-02
3.958742546541626495e-01
7.371011225224657903e-02
7.322321265779641042e-02
3.958742506315211518e-01
