-2.197211130954691221e-08
3.999354381132431185e-08
-3.800124238970276120e-10
-7.012369729692114110e-11
4.318318692908761238e-17
-4.661496311005266378e-08
3.121560725405338793e-08
-8.917575050781459955e-01
4.525135933171480773e-01
-3.691560304173794564e-10
4.011532185805118274e-10
-8.726867790758791044e-03
-7.322321264220833792e-02
7.371011329739887707e-02
3.958742535659836581e-01
-7.371011421301910949e-02
-7.322321127372757865e-02
3.958742576025054971e-01
7.322321136791498652e-02
-7.371011324799339737e-02
3.958742546558007835e-01
7.371011233257672435e-02
7.322321273659693208e-02
3.958742506231351377e-01
