2.675386869742219301e-03
-2.891766239526894454e-03
9.444522194456559045e-04
8.125633968079724184e-04
-7.479774078815026352e-03
-4.259149391144247399e-01
2.707979729252586454e-01
-8.615097001329352633e-01
5.537110325419308116e-02
-4.598047242036201743e-02
1.227011796800032278e-02
-6.277487824727065457e-02
-7.493660687033040779e-02
2.702199981329137662e-02
-5.844640570879088698e-02
-2.141354991417483353e-02
-6.744097275763720478e-02
-5.422263629194945533e-02
7.389589173553284818e-02
-2.640691330361819369e-02
-5.057244779824683623e-02
1.910328374053626641e-02
6.801245280084569633e-02
-5.465313249252471556e-02
