4.557859963249970281e-03
-9.463847395422692044e-03
2.040638469454490907e-04
1.519201694045771943e-04
-5.310892790415052312e-05
6.550836951059390012e-01
-6.639284522151027435e-02
7.066411977740529871e-01
2.590667097837802135e-01
-8.383764974819478411e-02
-1.552609500804559388e-02
-2.620570363910341982e-02
-6.860859916233878752e-02
1.379912743349410303e-02
-4.501208154974108144e-02
-1.537591490213668574e-02
-6.720447886959252104e-02
-6.623560707770635714e-02
6.621272313629759931e-02
-1.272511410390719626e-02
-5.516657071958559755e-02
1.292388621519003147e-02
6.825831867331774716e-02
-3.402121201140097945e-02
