4.235144871428961691e-03
2.345634667599736322e-04
4.627767807290590683e-05
1.789791797612894672e-04
-4.619964621825966644e-04
4.581509357948806982e-01
-3.037792497374893208e-01
3.052632858193854437e-01
7.775797153925476657e-01
-7.652434272856789566e-02
-2.210524377166284832e-02
-3.962569006451125558e-02
-7.204392536523507307e-02
1.108131834768441223e-02
-4.949619438727878573e-02
-1.586241311045340566e-02
-6.617791947133994102e-02
-6.200892324271020661e-02
6.872962748263024280e-02
-9.697634571086546224e-03
-5.100571190368453217e-02
1.325904829170684515e-02
6.713399517392623639e-02
-3.821927873828723926e-02
