5.068460091058771960e-03
-4.171574130464442143e-03
8.496814143588151888e-04
-7.471150431148645618e-04
-3.057635085863636901e-03
-4.569329375726010473e-02
-1.919942061121749366e-01
-5.853883469469717271e-01
7.863655835447406206e-01
-5.901816733205376281e-02
-1.548610199069721041e-02
-5.948001799748752622e-02
-6.994298878792033769e-02
1.278006149510594117e-02
-4.889693607608162906e-02
-1.041430239435835008e-02
-7.165720393132554711e-02
-5.794675136868768922e-02
6.557279105260031826e-02
-1.069951430109861851e-02
-5.258342158476220912e-02
6.210693362351396053e-03
7.562369325914729268e-02
-4.522879655452911180e-02
