-1.791452254310324510e-02
1.582627996685596894e-02
-7.203510788409724216e-04
5.984915267808816513e-04
4.532857994963515602e-03
-2.609385112667694101e-02
1.397285033986871323e-03
-6.177317959580997941e-01
7.859545704366718288e-01
-3.298623812896630744e-03
6.346284470217032191e-06
-6.915973201039099516e-02
-6.490246621435345753e-02
2.692933712604894669e-02
-4.715881604268693655e-02
-1.853393043202548190e-02
-5.606873845815158602e-02
-4.798181331088650220e-02
6.501780678031879313e-02
-2.468003261458829103e-02
-4.766275271589825308e-02
1.806832514271115159e-02
5.419763063741239034e-02
-4.542918379297985337e-02
