1.092948427471703487e-03
9.173653273067135239e-03
-3.357861779248412829e-04
3.096890875323651273e-05
1.492909541553100053e-03
-9.081394625074282190e-02
6.232233620785802009e-01
-1.468670645238501493e-01
-7.627421146652288986e-01
-7.986702977995575881e-02
1.798461958781793699e-02
-3.030916999668326409e-02
-6.591357056533921066e-02
1.468720832841312676e-02
-3.471968000501025192e-02
-1.817442406217191150e-02
-6.805690529954581958e-02
-5.709476568375585620e-02
6.413541139751233189e-02
-1.333030436883132948e-02
-6.532267275966699427e-02
1.630498835935132590e-02
6.926901509919283773e-02
-4.295560640536082164e-02
