2.739467788267821880e-03
1.369674924694879890e-03
2.594835169419714023e-04
-4.197787511155574381e-04
-1.458267480646481019e-03
1.979042968857962215e-01
-3.172623833487328571e-01
-1.536472959977436548e-01
9.146425410063769856e-01
-6.844293234036510909e-02
-2.118626347609848387e-02
-5.073056178905983177e-02
-7.403463629236765875e-02
1.424547072373111810e-02
-4.967142259644923702e-02
-1.064195597618660880e-02
-6.557099537324795335e-02
-5.863697830326451005e-02
7.009626517730530026e-02
-1.301102977687364388e-02
-5.144744963330605964e-02
7.085225126739418122e-03
6.772539261000372346e-02
-4.184822751464944979e-02
