-6.175864589561919993e-04
-3.812136712621811644e-03
-2.534565086918472924e-05
-9.187743578997856772e-04
1.293533279197607285e-04
3.888771633378489967e-01
4.690851959701702878e-01
4.910965502162230600e-01
-6.225414115716796370e-01
-8.643578596901042854e-02
5.141613093009349961e-03
-2.007033028985049164e-02
-6.822930001940505362e-02
1.422534252958679128e-02
-3.677253376723803313e-02
-1.673537473019379856e-02
-6.580354105309421664e-02
-6.329363525951604841e-02
6.629972748256944548e-02
-1.320665552335999367e-02
-6.333068743616614149e-02
1.484256358235355386e-02
6.688006316995653844e-02
-3.680704728771804629e-02
