-1.017344215811314886e-02
-2.237458086264318934e-04
5.944981837551371363e-04
2.772677067382070602e-04
-2.803434653953614832e-03
-2.900168919823368774e-01
1.402495942315435673e-01
-8.408499790931259765e-01
4.349615688102603794e-01
-3.049174774772379568e-02
8.433202382880172765e-03
-7.144745744938353627e-02
-6.407105944513957763e-02
2.776422093242307196e-02
-5.395654152374672330e-02
-1.852383946194923262e-02
-6.289771669349318584e-02
-5.590765213661903071e-02
6.388172863613333918e-02
-2.669684770119702677e-02
-4.345566525865213192e-02
1.657788961204050698e-02
6.228406140070949504e-02
-4.323113563020324762e-02
