-3.628693650466969026e-04
5.228518111980976282e-03
-2.613809674035067160e-04
-5.346175309645048203e-04
8.144707478734463041e-04
1.178087711985039143e-01
6.014528569555493975e-01
1.434656035010664632e-01
-7.770412954925759452e-01
-8.407364398435850095e-02
1.361772067605026768e-02
-2.461411876293111492e-02
-6.741780888573166430e-02
1.396328434901338879e-02
-3.519609883060173527e-02
-1.775585728927336557e-02
-6.627929171320925961e-02
-5.991330604968411050e-02
6.570480610955511946e-02
-1.279453921402371082e-02
-6.468884528221505170e-02
1.581153542844101687e-02
6.737603028901036073e-02
-3.994961766216334476e-02
