8.606243958547024273e-03
-7.376589391784711680e-03
1.193318778629883729e-03
-6.569998655859887520e-04
-3.759568205984626082e-03
-1.339785474468746518e-01
-8.910709432396647645e-02
-7.634374561916351665e-01
6.255181252760070310e-01
-5.333259095630915603e-02
-1.109261040515374143e-02
-6.247829767641277510e-02
-7.067144964555392705e-02
9.104444666272356462e-03
-4.906451540435129155e-02
-1.367479328681842077e-02
-7.152378513458659826e-02
-5.761135885839862442e-02
6.743769820658654379e-02
-6.323632022620703091e-03
-5.420148531730802077e-02
8.877601614157347096e-03
7.670163858053757888e-02
-4.628365054700164100e-02
