1.237530471202863544e-03
-1.096349275241493941e-02
1.878763806958983233e-04
-6.483140007641186812e-04
-7.361372735515810277e-06
5.842529403569488577e-01
2.554640315273971618e-01
7.082301158599338953e-01
-3.029797571935343714e-01
-8.653259382646549813e-02
-4.259570906944599132e-03
-1.984820709334864444e-02
-6.861006302958870540e-02
1.423294011470854076e-02
-3.962814764299539549e-02
-1.607879096756943335e-02
-6.593150611501139013e-02
-6.575136750932737695e-02
6.650646398275660010e-02
-1.323218274545790232e-02
-6.049607591102411364e-02
1.403670211014750382e-02
6.683110674434089571e-02
-3.440640232372411261e-02
