2.710101890206528114e-02
-2.206626646738265966e-03
1.358912698260542149e-03
3.982831185430660780e-04
-7.100662140408790703e-04
-1.204165131641721925e-01
1.930082646030700788e-01
-9.482963598344552603e-01
-2.213180676696221982e-01
-2.707334944542784394e-02
7.165856878746969250e-03
-6.427754484829155401e-02
-6.424664467271233581e-02
1.399491751201873031e-02
-4.167395674857857918e-02
-1.081247153575414649e-02
-7.059855571650985873e-02
-5.865794694904646889e-02
6.379610038924780901e-02
-1.104503998859938940e-02
-6.037442587512494713e-02
5.893954752174854379e-03
7.355767963913863172e-02
-4.467823344632151916e-02
