7.427370115688228941e-03
-6.539416898578238012e-03
1.099671151986499106e-03
-7.018711909564659878e-04
-3.595043790403429796e-03
-1.125328711317571673e-01
-1.197327103416772898e-01
-7.176675181882858912e-01
6.767228120335132546e-01
-5.499887287094368249e-02
-1.241968490832930788e-02
-6.175486560867309016e-02
-7.007210537131719486e-02
1.005260881641234852e-02
-4.899174564943743065e-02
-1.285049233684451564e-02
-7.199593194625744652e-02
-5.778314406166248224e-02
6.647881376607253645e-02
-7.434942879907892148e-03
-5.361733965424047427e-02
8.146665641760921298e-03
7.681986004762703102e-02
-4.603746963732516240e-02
