-1.741919497527500554e-02
1.594723864295222518e-02
-7.534254136508674151e-04
6.393237319839103518e-04
4.339459193502983973e-03
-1.780842545415129222e-02
-1.688842528180451276e-03
-5.879938579452800296e-01
8.086675650799807213e-01
-2.312824708186546948e-03
-2.813183054976985554e-04
-6.828837355143123344e-02
-6.528888467688674646e-02
2.628000840860830398e-02
-4.730640824383264276e-02
-1.989547886182228831e-02
-5.632890430461038461e-02
-4.777256617928381244e-02
6.560063450063438606e-02
-2.406170541779129729e-02
-4.809212101794108768e-02
1.923492671266773327e-02
5.449285380600839279e-02
-4.611408828295221474e-02
