-1.331166314494757960e-02
1.321493688710141667e-02
-7.958466249205351428e-04
7.521705716956104786e-04
2.732009815030566561e-03
-2.302413876630113234e-03
-4.220992615049654235e-03
-3.971166786023919704e-01
9.177555369963665832e-01
-3.667158599481246334e-04
-6.445024168229781820e-04
-6.041777702252846410e-02
-6.501602288084065706e-02
2.397117818106822215e-02
-4.862723670851713809e-02
-2.622121994882343696e-02
-6.005945965036134371e-02
-4.846936593989351061e-02
6.616883910785936740e-02
-2.235414557344734404e-02
-4.956252102333567194e-02
2.470498011360004048e-02
5.883211046656879051e-02
-4.874852671771585932e-02
