-7.309803276876735431e-04
7.308721430049100291e-04
-3.654901638438363921e-04
3.654360715024558819e-04
4.957515281217433087e-05
-4.464097741372193224e-05
-4.431140544066772968e-05
-3.177368908105939263e-03
9.999949501725018397e-01
-1.785471065483122162e-05
-1.772289427090244069e-05
-1.270827965356717288e-03
-5.308881361528258735e-02
4.674624042805252538e-02
-4.998910078912928434e-02
-4.685467681495081305e-02
-5.293419486462844908e-02
-4.998667013840508294e-02
5.300953891427273579e-02
-4.664146082919034403e-02
-4.997941372071431493e-02
4.656846135211660520e-02
5.319485133726840204e-02
-4.998532492839478231e-02
