-1.301467375099800081e-02
1.802936093098303797e-03
3.833812864711800238e-04
1.862758198777475223e-04
-9.299228073215847108e-04
-2.448257275421094892e-01
1.167571907182182733e-01
-8.166794430184848297e-01
5.093749197792170058e-01
-2.611309619932029522e-02
7.595160394690460108e-03
-7.200271332138170888e-02
-6.299536221789689416e-02
2.834158900283458710e-02
-5.210111878436735067e-02
-1.706698996824557862e-02
-6.116769625500462215e-02
-5.555699587662411842e-02
6.277179972121983698e-02
-2.705236826970622635e-02
-4.339413283678993788e-02
1.557924446167039713e-02
6.022886737812274682e-02
-4.157126330709713657e-02
