6.950747581763394795e-05
7.103510340515876292e-03
-3.038957404778479731e-04
-3.370043241261474858e-04
1.088922429043048031e-03
3.872769985734979270e-02
6.176985941565963367e-01
3.588981034717131369e-02
-7.846403848604579512e-01
-8.280856062189874411e-02
1.549812923966296246e-02
-2.653914513131439348e-02
-6.692673539800719773e-02
1.400867248190047418e-02
-3.492559617701170016e-02
-1.802693082656048329e-02
-6.676990108501026921e-02
-5.890323541260622520e-02
6.522401047167342147e-02
-1.274741674672060301e-02
-6.492395290187644163e-02
1.611428653244359813e-02
6.786688400559452716e-02
-4.093698241764402723e-02
