5.025737679299359557e-03
-6.567598884769011540e-03
1.472775417555363393e-04
3.039244414899265525e-04
-1.239059961702801904e-04
6.240977740946809238e-01
-1.577684235585833650e-01
6.264848013038397667e-01
4.394631800653978071e-01
-8.214826365678866427e-02
-1.831391633202598609e-02
-2.968510088419706178e-02
-6.878808379256376448e-02
1.287881494127785485e-02
-4.674679697635611419e-02
-1.568303779466520206e-02
-6.763768541532097500e-02
-6.547425643539041273e-02
6.620331524338844698e-02
-1.183752383068045928e-02
-5.349604051977154690e-02
1.323323805800514195e-02
6.880275791706567945e-02
-3.485776991039183509e-02
