3.002393323759846525e-03
1.906640893711070237e-03
1.472007999591046549e-04
-2.289423501113033296e-04
-1.072171085307995712e-03
2.809242998146934678e-01
-3.296954337751651365e-01
-8.708260390867054654e-03
9.012805472894634962e-01
-7.112181247234712622e-02
-2.203077733985869466e-02
-4.743996262421073390e-02
-7.429947677170908871e-02
1.304642497556106687e-02
-4.986380087366550085e-02
-1.262480083070917358e-02
-6.487604673439339997e-02
-5.935775724037436335e-02
7.068408496071656999e-02
-1.165924648844458844e-02
-5.113365348787759362e-02
9.247648416586548917e-03
6.639363804239106770e-02
-4.080785395504166885e-02
