2.665536493543856425e-02
-3.403406268165128437e-03
1.427967155485794851e-03
3.659701512297347027e-04
-1.118488372363836327e-03
-1.438722526375224853e-01
1.862951847709635733e-01
-9.593295288923922026e-01
-1.558259735963760939e-01
-2.956848333976444532e-02
5.497405288825589660e-03
-6.442434697123952669e-02
-6.643469677527329142e-02
1.487719391965182728e-02
-4.202183641657617624e-02
-1.002857020639084072e-02
-7.010070790483198533e-02
-5.824041596613238614e-02
6.599854174433540666e-02
-1.165447129287744583e-02
-6.126664571051086000e-02
4.962067632344828103e-03
7.341914132000629256e-02
-4.549377457171144973e-02
