4.689123194284152037e-03
-3.665813120449452032e-03
7.981478227603554243e-04
-7.445964680535090748e-04
-2.932771945126168116e-03
-3.002138562448174869e-02
-2.053149903107766849e-01
-5.561204190141030290e-01
8.047823001995324521e-01
-5.979187470199282678e-02
-1.604979013243206312e-02
-5.894585411965634625e-02
-7.013873247056184868e-02
1.326245443341656643e-02
-4.891767950210088728e-02
-9.982829676775778135e-03
-7.132893654022390284e-02
-5.796316781185681388e-02
6.566979356727231654e-02
-1.130489052293947444e-02
-5.243285192709434828e-02
5.891319626380343323e-03
7.515220905186159595e-02
-4.500967275245718741e-02
