-4.752457183831715337e-04
4.516436288298167866e-03
-2.441646429382997698e-04
-5.939169089537353011e-04
7.271035737059882006e-04
1.440283487577918020e-01
5.939704331289362704e-01
1.785406768696886914e-01
-7.710889611618370054e-01
-8.442361259419310648e-02
1.293781033475109067e-02
-2.403372488978661528e-02
-6.755110043526178776e-02
1.397817068845493178e-02
-3.530030591881862245e-02
-1.765221728137863696e-02
-6.616152190505167341e-02
-6.024091450343597998e-02
6.582507488913046101e-02
-1.283824689813951522e-02
-6.460627605851608501e-02
1.570333698271323547e-02
6.726380044402038849e-02
-3.964090147804218145e-02
