2.466668596996953594e-02
-7.383852718662785308e-03
1.601510662843382612e-03
2.646834099815347104e-04
-2.701733295367901144e-03
-1.897570033340749140e-01
1.676485265413642511e-01
-9.673176789374876572e-01
1.351884792328392725e-02
-3.547372405884439278e-02
2.213516989954614385e-03
-6.492160983075043190e-02
-7.156735839546217448e-02
1.487382735675480024e-02
-4.242675515743120351e-02
-1.005847823349123593e-02
-6.794972403584829956e-02
-5.867518353325197611e-02
7.077197846886486288e-02
-1.073882532975119208e-02
-6.334465496684456298e-02
5.152279672980475227e-03
7.231824399410810567e-02
-4.529212370840389468e-02
