2.787529954938641578e-03
4.893262670090386826e-04
3.698856572258246256e-04
-5.452858785523317497e-04
-1.788599347141867210e-03
1.364480019061722615e-01
-2.989681479475297943e-01
-2.606780245261038909e-01
9.077703216220528448e-01
-6.636216895294905216e-02
-2.023369419600007033e-02
-5.305667236006574722e-02
-7.327040343792912136e-02
1.482378729005488435e-02
-4.945815119332977461e-02
-9.460754496656518034e-03
-6.674040754587910740e-02
-5.830683980870741967e-02
6.902347467883074295e-02
-1.361355026160557778e-02
-5.165833908377445716e-02
5.858688540580262762e-03
6.938341609902186347e-02
-4.263207052008043119e-02
