2.348596939398803901e-02
-8.844944659251485417e-03
1.647099582094005117e-03
2.085958713377218958e-04
-3.337005171460943626e-03
-2.031006635432738017e-01
1.548820142736192784e-01
-9.633221546868119267e-01
8.229282114733034448e-02
-3.770682258459375630e-02
9.660258124602493814e-04
-6.506397460226401308e-02
-7.311523334004663144e-02
1.411292252135978344e-02
-4.243859516758101413e-02
-1.074908339900337156e-02
-6.722198735298477723e-02
-5.867347898809307377e-02
7.196121140523591142e-02
-9.721105024921836146e-03
-6.395919932499694038e-02
5.946770925419683253e-03
7.202863138925895414e-02
-4.520024130605322654e-02
