9.256494590206595929e-03
-7.769764571863314699e-03
1.238590320923887642e-03
-6.284859745830481854e-04
-3.831198941597334460e-03
-1.437111239779021721e-01
-7.359797965420472599e-02
-7.846822034963368830e-01
5.985017040510081099e-01
-5.249015218954966588e-02
-1.041194506499526669e-02
-6.280148111093601659e-02
-7.107229767665095010e-02
8.728676170783924645e-03
-4.907130845584217749e-02
-1.400444120992824087e-02
-7.118306743792099378e-02
-5.748924264240778959e-02
6.800869561386943540e-02
-5.873997463835323174e-03
-5.455454746139498656e-02
9.190663252411992307e-03
7.651999204961461298e-02
-4.641096369866477139e-02
