-5.710453484621369176e-04
3.767423771804603513e-03
-2.256608346887173995e-04
-6.492362984334125063e-04
6.435221055672437447e-04
1.700841929179525980e-01
5.854917800111711923e-01
2.131100829223905868e-01
-7.634493011429186460e-01
-8.474116950377474922e-02
1.223455324914026095e-02
-2.348516683337075264e-02
-6.766910022279729042e-02
1.400152513340314521e-02
-3.541094555127769633e-02
-1.754625442453993864e-02
-6.606438716500678821e-02
-6.056470834093849454e-02
6.592633588854716897e-02
-1.288780084094752129e-02
-6.451930552113827044e-02
1.559624363342402426e-02
6.717293310044523957e-02
-3.933905379535435759e-02
