-1.783198699606591137e-02
1.003521069174829333e-02
-3.018162644788340140e-04
2.684452649078608068e-04
3.776881634393379570e-03
-1.133238611036364030e-01
4.698376355714533464e-02
-7.241398333184579927e-01
6.786543525743321537e-01
-1.306291611642568934e-02
3.625859802411414597e-03
-7.158491635748527593e-02
-6.270814785408126979e-02
2.852232395189518988e-02
-4.828960624741929220e-02
-1.513076597844821222e-02
-5.696829900529801205e-02
-5.169501862698821365e-02
6.245158099691315579e-02
-2.665830566815802216e-02
-4.485604119500737064e-02
1.480727510701113081e-02
5.542712521937761400e-02
-4.156563667106959875e-02
