-7.541304687849194029e-04
1.345144165908560268e-03
-1.638546067978295467e-04
-7.877249674516313476e-04
4.218294506581942230e-04
2.467435915709125793e-01
5.543443597095912834e-01
3.131325604439483823e-01
-7.305942310658271044e-01
-8.551897864408342098e-02
1.000298181502768530e-02
-2.203662361214771270e-02
-6.793967791348329288e-02
1.409337393874502374e-02
-3.578453432019845087e-02
-1.723460385578738652e-02
-6.587847485838084494e-02
-6.151457620312125729e-02
6.613318452326226449e-02
-1.303791027639668136e-02
-6.421775376377131250e-02
1.529843504205518484e-02
6.699983954043770007e-02
-3.846251351840759836e-02
