-9.537713506939026961e-03
9.599656816800453477e-03
-8.007144141624213769e-04
7.904613135246361640e-04
1.354006138689873434e-03
-3.257200460585572420e-04
-2.101904010766136172e-03
-2.336993401725861730e-01
9.723065845240784766e-01
-6.234683688810973136e-05
-4.238023318899373322e-04
-4.846708376647271971e-02
-6.368435268703795393e-02
2.560629761069922045e-02
-4.951146309205496643e-02
-2.884593975971896235e-02
-6.283656116766619948e-02
-4.939849374644856433e-02
6.483930767597125000e-02
-2.472166733820634066e-02
-5.008670137208705991e-02
2.732090078833206148e-02
6.234289086072061087e-02
-4.994626969366412761e-02
