2.862486069934911618e-03
1.180736752683633132e-04
4.112406173390996530e-04
-5.818668488960610863e-04
-1.906547944927613125e-03
1.163517443737598217e-01
-2.912840113228669647e-01
-2.957080724355434787e-01
9.023151512776999006e-01
-6.565825433147731705e-02
-1.986010326343512489e-02
-5.379780913650597518e-02
-7.293350490062533442e-02
1.491420856264489420e-02
-4.938302328689533199e-02
-9.186566814775594392e-03
-6.723036901328122150e-02
-5.823083037293865644e-02
6.858872690759723612e-02
-1.368066199639673790e-02
-5.172238494619008087e-02
5.571898751347715423e-03
7.002373606617860735e-02
-4.289913699029231781e-02
