4.838871480978211050e-03
-2.216217150727378422e-03
6.848945505019835630e-05
3.125140191715722175e-04
-2.815258245762746370e-04
5.406894891341099685e-01
-2.573193641661823960e-01
4.576695577645040203e-01
6.572520042271837726e-01
-7.910798497767219939e-02
-2.106120141055072698e-02
-3.530139049712605753e-02
-7.025794069797179631e-02
1.138511976589824844e-02
-4.865862852931077814e-02
-1.619591181855391596e-02
-6.723499885791593689e-02
-6.365717038840984499e-02
6.720956862467362958e-02
-1.022968251731148741e-02
-5.169449083455485150e-02
1.379295008721661761e-02
6.832759957067276180e-02
-3.669043907159569295e-02
