5.508960995733153294e-03
6.786004825650495016e-03
-3.215948550045507996e-05
9.089778184311962357e-04
6.514380334674452384e-06
-3.728987678584167464e-01
5.064928054801349777e-01
-6.047395838489341147e-01
-4.885709596903553553e-01
-6.549548449631314995e-02
1.926887107530075513e-02
-4.368213842415018255e-02
-6.800944888550014555e-02
2.387035008539413472e-02
-4.058057337571017303e-02
-1.617715561441075353e-02
-7.140448324529645452e-02
-5.194260857891502131e-02
6.644379827929436377e-02
-2.272519475811190029e-02
-6.453736453654483618e-02
1.328084959020180318e-02
7.255590754227639327e-02
-5.295355260852736140e-02
