4.151401574793480050e-03
8.674869634016264819e-03
-1.906681887959955858e-04
7.167659798485044847e-04
1.080114073179712581e-03
-3.108706312897797086e-01
5.563608701592372974e-01
-4.897257445684451982e-01
-5.949711991886934559e-01
-7.044184834764918857e-02
1.982966632433377091e-02
-3.951358202270350423e-02
-6.585526448100041674e-02
2.032951014811485921e-02
-3.732235891170934683e-02
-1.678276778846391273e-02
-7.103893138711679656e-02
-5.316335849309531542e-02
6.412040906386629047e-02
-1.917054605244298757e-02
-6.548325604172658410e-02
1.426273819638224083e-02
7.249338104496745594e-02
-4.953491141647555634e-02
