-6.411596184388050276e-03
6.450623762149766856e-03
-8.099475900683263292e-04
8.099791071272898456e-04
6.328716581472022297e-04
-6.027138949851269985e-05
-7.892626599612841826e-04
-1.156292320410579472e-01
9.932921293000405161e-01
-8.642124557791675801e-06
-2.114476874455984627e-04
-3.338132576124439033e-02
-6.244871078447020163e-02
2.969807573862600497e-02
-4.990152667493248650e-02
-3.162870919251837415e-02
-6.282731654546315492e-02
-4.982634522008999589e-02
6.326922126964092119e-02
-2.934941415935582096e-02
-5.016633750912772444e-02
3.043675271519195175e-02
6.287096097911752668e-02
-5.027330291474027546e-02
