9.951867124887542673e-03
-8.146762411042519567e-03
1.282862109293884337e-03
-5.956826117354594276e-04
-3.896371875659594350e-03
-1.528578708048980717e-01
-5.799456665657824056e-02
-8.047952386928139967e-01
5.705924336588117374e-01
-5.164245809740034693e-02
-9.721417844603832611e-03
-6.310027962076565633e-02
-7.152672210759493387e-02
8.439041446547354205e-03
-4.903675576456813928e-02
-1.426757157908128439e-02
-7.078798896091453852e-02
-5.734333971845241573e-02
6.862074015577043773e-02
-5.512332146791779248e-03
-5.496267294916060142e-02
9.455059090929855692e-03
7.626490241595418329e-02
-4.654558141818812556e-02
