-1.545603305398473779e-02
4.454172150173680948e-03
1.321023602326020115e-04
1.454567940474150306e-04
9.870265610718831871e-04
-1.956261122472504055e-01
9.227820280071953596e-02
-7.850316289432616168e-01
5.804657604489558143e-01
-2.134159784807458660e-02
6.502463259921546085e-03
-7.213340128766990156e-02
-6.255808959307457284e-02
2.864675170418122876e-02
-5.035232032321881185e-02
-1.592285126237599421e-02
-5.932918278012362656e-02
-5.463821693634801635e-02
6.229779221056774147e-02
-2.714925968500076989e-02
-4.376083283310799182e-02
1.492236736070081185e-02
5.813354626127966579e-02
-4.072575138997700656e-02
