5.070480192241337038e-03
-5.295033309249844687e-03
1.224350819847675018e-04
3.316514130388997675e-04
-1.619019904776424705e-04
6.047017886740080339e-01
-1.899501992057339439e-01
5.844572414648698810e-01
5.066205695542096432e-01
-8.135677916819772371e-02
-1.924515208680710812e-02
-3.121501629134507474e-02
-6.904419049538135233e-02
1.241903956229530211e-02
-4.736859281916647874e-02
-1.586469863373088027e-02
-6.766875014549798839e-02
-6.503783880573742182e-02
6.634205197565526402e-02
-1.137646290942612680e-02
-5.290266775674475064e-02
1.343956688722786758e-02
6.884697907529203909e-02
-3.531704392475633336e-02
