6.892311345758638658e-03
-6.095160996378771665e-03
1.051305338054760175e-03
-7.184965292136981461e-04
-3.501560201924378175e-03
-1.007228450928689123e-01
-1.347728697257701003e-01
-6.931962853839199745e-01
7.008352816405674091e-01
-5.582106818740740356e-02
-1.306369540929610412e-02
-6.135339840661881150e-02
-6.988712496104311500e-02
1.059104660127128603e-02
-4.895066421483758312e-02
-1.237798262091141174e-02
-7.210926370465921276e-02
-5.783812021081920912e-02
6.611456651893729553e-02
-8.065858866318616205e-03
-5.336966418953927732e-02
7.750142539749860053e-03
7.674969510749160562e-02
-4.590759285218770636e-02
