-7.202607312322376054e-03
7.251110390164805693e-03
-8.075940775146476071e-04
8.060821315311781591e-04
7.601516163229036626e-04
-7.837608149878615030e-05
-1.048891288774944641e-03
-1.429818761029877650e-01
9.897247479932610448e-01
-1.223168859858598720e-05
-2.600993710602767070e-04
-3.766913496204953027e-02
-6.283661560574409222e-02
2.839019253352781033e-02
-4.983531671173570265e-02
-3.069695906601611207e-02
-6.308849785683935674e-02
-4.975241095797534874e-02
6.376163615144432584e-02
-2.792353638986483366e-02
-5.017125080099218287e-02
2.940073872201136654e-02
6.301383494151883979e-02
-5.024428496519518783e-02
