1.069541162385206738e-02
-8.508223424553536945e-03
1.326164116050811224e-03
-5.584009996211823992e-04
-3.955565313601155757e-03
-1.614728280144102357e-01
-4.231255610659612892e-02
-8.237456713575789236e-01
5.418295325362088022e-01
-5.079005011860669022e-02
-9.022063105579111730e-03
-6.337598501077534863e-02
-7.202066440596650854e-02
8.248302198985776532e-03
-4.894226320969380373e-02
-1.445815554049650203e-02
-7.035189038117629912e-02
-5.717829594882175431e-02
6.925608343948667922e-02
-5.248173246884025450e-03
-5.543784167022536985e-02
9.661264279446921469e-03
7.594541873478068139e-02
-4.668684940216651091e-02
