2.117024754224926947e-02
-1.029422628718775455e-02
1.666243254818960831e-03
7.995704574073779687e-05
-3.953692794843880788e-03
-2.142426363825611635e-01
1.255667340783008235e-01
-9.507898538846711878e-01
1.852882667594584754e-01
-4.088892688185950808e-02
-1.037912906614783456e-03
-6.509858801405293827e-02
-7.462331951615244763e-02
1.246502253455429934e-02
-4.302152832253362813e-02
-1.210465495105603195e-02
-6.671577754444162067e-02
-5.794576120976614730e-02
7.285031789720236572e-02
-8.057038721613309779e-03
-6.380367254257324205e-02
7.368204126764171802e-03
7.205757694538481029e-02
-4.573696210313736576e-02
