3.124682223260991012e-03
9.490078005294468738e-03
-2.689461429386816663e-04
5.342641837563258085e-04
1.481331903469689047e-03
-2.531883462506552274e-01
5.862703040752540451e-01
-3.934037009906350413e-01
-6.613745685534322405e-01
-7.375976122906979793e-02
1.975772380293561170e-02
-3.655840885732009743e-02
-6.523165874161319933e-02
1.797755670267851477e-02
-3.585290649779276223e-02
-1.737324168800030710e-02
-7.031311744735795066e-02
-5.431344920308694285e-02
6.340794201882812842e-02
-1.674678278308163251e-02
-6.567605925247693710e-02
1.516686892868186406e-02
7.179852587233714889e-02
-4.716945246982630346e-02
