-5.614417449282089849e-03
5.643640355560494357e-03
-8.115772383498653019e-04
8.125937360391504360e-04
5.417796644590134637e-04
-5.773242079899123521e-05
-5.766550534686805743e-04
-9.036381037001450789e-02
9.959086533971520661e-01
-9.637592755925106447e-06
-1.677204489913600692e-04
-2.878131692180652471e-02
-6.194439123278729781e-02
3.124300431499439992e-02
-4.994789641846218708e-02
-3.280600490576047329e-02
-6.235428584657752571e-02
-4.988005642209637769e-02
6.264902388140486389e-02
-3.099666037459728254e-02
-5.014840472152314044e-02
3.172957605705982453e-02
6.250046006658117881e-02
-5.027163204354345022e-02
