2.443218762141138867e-04
7.630008905877541138e-03
-3.145518151884468469e-04
-2.660431896996377126e-04
1.179966547846604411e-03
1.242325113545524051e-02
6.209857413472977816e-01
-5.157374380505480365e-04
-7.837232329652270568e-01
-8.230832427231010717e-02
1.606529124713753157e-02
-2.723943359526081673e-02
-6.673597567663304420e-02
1.406939021939011998e-02
-3.485314135004830005e-02
-1.809446156601626082e-02
-6.698174427382576346e-02
-5.855552113476230475e-02
6.502613135483975570e-02
-1.277950195459084948e-02
-6.500193239944557222e-02
1.619568534760426268e-02
6.808844809113777374e-02
-4.129504658666038885e-02
