1.233444568117931898e-02
-9.184883470727765384e-03
1.409820228876318068e-03
-4.698284941799994816e-04
-4.057010412692158008e-03
-1.772675827659254133e-01
-1.073913202646230823e-02
-8.580303384419299961e-01
4.819178492822933091e-01
-4.907242725453794807e-02
-7.600260514946884788e-03
-6.386385443170056186e-02
-7.305737221229009759e-02
8.198765634045852499e-03
-4.850113869112042397e-02
-1.460857222361884068e-02
-6.941369332395908032e-02
-5.683117803761058434e-02
7.051797333011744495e-02
-5.032912671503016015e-03
-5.663102355972476215e-02
9.867099920811008007e-03
7.516017637963651188e-02
-4.696439305524797297e-02
