-1.823097524459457719e-02
1.225090725115948395e-02
-4.520373947883087832e-04
3.674041528043371575e-04
4.377933727842630435e-03
-8.379763733294080807e-02
3.008117761765613865e-02
-7.001508398442733982e-01
7.084221059480787508e-01
-9.871838067055270158e-03
2.347414714444092353e-03
-7.115735858250163415e-02
-6.310182017982858549e-02
2.836654046405246224e-02
-4.771161314509793361e-02
-1.537602898294739180e-02
-5.644694528255375654e-02
-5.038999012097703650e-02
6.285442391984058519e-02
-2.634261313666502735e-02
-4.556928210820339331e-02
1.517860689318158325e-02
5.476887655936919092e-02
-4.250335027541666394e-02
