4.375095208602425116e-03
-1.821836614887214242e-04
4.705168193543771854e-05
2.134018413971514136e-04
-4.185056575473673638e-04
4.758906599072040833e-01
-2.962622527424244590e-01
3.374449369978568813e-01
7.562325514731444986e-01
-7.706529767338701764e-02
-2.195891409223267240e-02
-3.875054839903568221e-02
-7.167119779534358859e-02
1.105753618939698396e-02
-4.936704773070126062e-02
-1.600851117732402656e-02
-6.641668267775535650e-02
-6.234680919360850726e-02
6.839686719789717095e-02
-9.718616848571065212e-03
-5.109576491204372711e-02
1.346844120774263152e-02
6.738987926055681199e-02
-3.791125956232780508e-02
