5.058449926994068764e-03
-5.933881797247290979e-03
1.348238151215304197e-04
3.203033228116703790e-04
-1.422569679141902051e-04
6.148745630259141448e-01
-1.742054472961208633e-01
6.061410233028162731e-01
4.734710062352964766e-01
-8.176065319591814540e-02
-1.879349590891591509e-02
-3.044134321917304348e-02
-6.890010386485767580e-02
1.265141842980131021e-02
-4.706416470121792955e-02
-1.577278555568294161e-02
-6.766643289430900043e-02
-6.526512083929467134e-02
6.625943037429334048e-02
-1.161180782409071757e-02
-5.319276825560127070e-02
1.333465285534748447e-02
6.884134908663513963e-02
-3.507950344249947255e-02
