-1.617683564639037924e-02
1.545458414520884532e-02
-7.840976898527465258e-04
6.936600972774621503e-04
3.854699866088921994e-03
-8.714200828696149967e-03
-4.239483435507000741e-03
-5.263475263291592654e-01
8.502143088723526088e-01
-1.201147155520193794e-03
-5.616488101780870400e-04
-6.621823854653242913e-02
-6.560350315408590427e-02
2.509851274303986565e-02
-4.773321222005302844e-02
-2.245938452017220283e-02
-5.728048772551726925e-02
-4.778633278828312708e-02
6.628906881301488419e-02
-2.302362530780188363e-02
-4.872939603898845951e-02
2.142112957495588901e-02
5.559239556340343086e-02
-4.719288354793352985e-02
