1.721181425014241262e-03
-1.157967679330937881e-02
2.108884113584283090e-04
-5.462919120294485635e-04
-7.689806616636233461e-06
6.078420264608662693e-01
2.119978775760235357e-01
7.290752814561417550e-01
-2.324525860059561411e-01
-8.636573654595854077e-02
-5.931475579780837344e-03
-2.027704692141627657e-02
-6.867599980988928210e-02
1.424656595819552909e-02
-4.028278920341839958e-02
-1.593983806855062482e-02
-6.599485759668079210e-02
-6.603341616756908117e-02
6.653009821404216872e-02
-1.324175657070581456e-02
-5.983767053484335963e-02
1.384045231729374298e-02
6.688110723977393202e-02
-3.412513205179600051e-02
