2.770127324814214073e-02
-2.837709156056002213e-03
1.346955596414501060e-03
4.846850931925195637e-04
-6.620724547443324537e-04
-7.417493095544500092e-02
2.250845230553293608e-01
-9.194806811285106685e-01
-3.136723037345817700e-01
-2.351765847936886089e-02
1.100435543356617814e-02
-6.451648828003704594e-02
-6.117395642193801386e-02
1.193774757011618719e-02
-4.221999668616920054e-02
-1.236083770923087494e-02
-6.954551870664170410e-02
-6.309953911562111994e-02
6.115434440864617877e-02
-8.691409026824590059e-03
-5.758461848910201991e-02
8.511783535016964955e-03
7.255637776274932726e-02
-3.893964727271626014e-02
