2.279309746497549388e-02
-9.453032248527264841e-03
1.660829424480031588e-03
1.730721079985169482e-04
-3.596275672543834331e-03
-2.082325978101457475e-01
1.466373474925645737e-01
-9.599591613016753566e-01
1.166836842174906186e-01
-3.879552107435373098e-02
3.208134401521421436e-04
-6.510338060093980028e-02
-7.373076618976104335e-02
1.361758195620226507e-02
-4.250971187189792055e-02
-1.118188538128095030e-02
-6.696031667061774773e-02
-5.853087014918344905e-02
7.236629411563912095e-02
-9.161760912495594406e-03
-6.409744447895751596e-02
6.411930850268598298e-03
7.197107359357092504e-02
-4.527590406967393899e-02
