6.554162156191880272e-03
4.193168797547162582e-03
1.937965713539852410e-04
1.027342260003636775e-03
-1.774749111160668288e-03
-4.157229925091697753e-01
4.491316038368016184e-01
-7.010564720503541514e-01
-3.660259812233473409e-01
-6.025122850677194775e-02
1.800761352248745478e-02
-4.813251628517527941e-02
-7.144514145831051821e-02
2.693496542997020002e-02
-4.532853430579972254e-02
-1.630989380574700276e-02
-7.097246916786251192e-02
-5.141133457663259188e-02
6.999241914036699597e-02
-2.574215307188587598e-02
-6.250167821368983467e-02
1.333711409634326904e-02
7.165189368412153148e-02
-5.604963604928252935e-02
