4.407388242364417529e-03
-9.951383140120784176e-03
2.131466550374082076e-04
1.091522913284388317e-04
-4.332136991917019328e-05
6.581085362493243052e-01
-4.654511380595047210e-02
7.181138526340830053e-01
2.214479657878969387e-01
-8.412593882475967455e-02
-1.489668801771095764e-02
-2.557798512140262506e-02
-6.862247884723989000e-02
1.392326128957662931e-02
-4.464517642118592811e-02
-1.535581185632990328e-02
-6.708430579924236359e-02
-6.632997753322619761e-02
6.624931438181473620e-02
-1.284553060413577176e-02
-5.552278610640960788e-02
1.291726388989309152e-02
6.811164449263257259e-02
-3.391267345679764567e-02
