4.921086248998134474e-03
-2.799157558222018991e-03
7.753072036702954816e-05
3.262510279824985923e-04
-2.542016179948916577e-04
5.551313632853107638e-01
-2.454412968133130313e-01
4.853020002831459623e-01
6.293406929769984615e-01
-7.958659086700191343e-02
-2.075875930300374178e-02
-3.445939459517778636e-02
-6.995346516812342430e-02
1.155450463333299732e-02
-4.843462954493553407e-02
-1.616349242642727002e-02
-6.738168252010930115e-02
-6.396214106706241131e-02
6.697403596500815792e-02
-1.043544197895013813e-02
-5.189942910518079849e-02
1.376824222560155998e-02
6.850310261100384102e-02
-3.639642076580123370e-02
