6.804666254479453148e-03
2.750990495600087477e-03
3.308095039094950196e-04
1.053027322093577937e-03
-2.897484070503263467e-03
-4.295934518519483603e-01
4.190928586760421237e-01
-7.413895058440919117e-01
-3.002536303809228979e-01
-5.766218840823989639e-02
1.715838917030790625e-02
-5.047515103789484286e-02
-7.329125529050720123e-02
2.794950298302078737e-02
-4.808136164659047862e-02
-1.678187068455345640e-02
-7.051037111584129713e-02
-5.148568972316364817e-02
7.185700084246157693e-02
-2.675471954655566503e-02
-6.102600080536805388e-02
1.391439894501788135e-02
7.099095091954255032e-02
-5.717476322175973902e-02
