2.960723919227448240e-03
-1.197361585935975518e-02
2.398133091612028394e-04
-2.625294142056737272e-04
-9.254153445202649935e-06
6.482062109094890445e-01
1.018671451393896726e-01
7.531837468516950906e-01
-4.654069571842781028e-02
-8.569805847129369214e-02
-9.935001732541843752e-03
-2.194503481808235401e-02
-6.875253780922153946e-02
1.427449566077824625e-02
-4.204419613687514906e-02
-1.558341082520835544e-02
-6.630172479615591141e-02
-6.646332734910620488e-02
6.650173190070428342e-02
-1.323336506135731026e-02
-5.807827730596489685e-02
1.332697549767765388e-02
6.719895950112986238e-02
-3.371053748645951725e-02
