1.797039020522557778e-04
-8.379939737001636246e-03
1.056118060915249937e-04
-8.437757047005603342e-04
1.254707995774832877e-05
5.081611328438694342e-01
3.594163713649558001e-01
6.297817506412159982e-01
-4.647225856583352965e-01
-8.670701435070997387e-02
1.350140337562377463e-05
-1.940168547018593370e-02
-6.842615341835625586e-02
1.423245323780075559e-02
-3.816126359281359071e-02
-1.638247888103133709e-02
-6.585214988671542202e-02
-6.480385857026182972e-02
6.640979843502102520e-02
-1.322321504877919073e-02
-6.197042581469416889e-02
1.445072236498972165e-02
6.682088810270686574e-02
-3.534887363842496855e-02
