2.410784790438065886e-02
-8.145752312306991927e-03
1.627037389406080312e-03
2.385468896421164204e-04
-3.033368045607860632e-03
-1.968747696003232406e-01
1.618135365696958261e-01
-9.657967955716167952e-01
4.788793314838226539e-02
-3.659874616047457258e-02
1.594258889166158977e-03
-6.500160287125097969e-02
-7.239166279353878575e-02
1.453630597811315407e-02
-4.242511894392062000e-02
-1.036760169359391727e-02
-6.755771433801839587e-02
-5.871400060279206856e-02
7.143034713741908126e-02
-1.025553439221279541e-02
-6.369263430595498154e-02
5.518328627482717991e-03
7.214715394472087651e-02
-4.521537112559873700e-02
