4.690426281482207478e-03
-8.938965211263430466e-03
1.940139725109855473e-04
1.909456046008795971e-04
-6.435145499748292199e-05
6.509774560153502865e-01
-8.576982279705264167e-02
6.936080650372186129e-01
2.962764610502670037e-01
-8.353295671365837394e-02
-1.613275638382409213e-02
-2.685759674437796646e-02
-6.860591038064967062e-02
1.365332015678607548e-02
-4.537416278711990658e-02
-1.541119500704950067e-02
-6.731821309018515276e-02
-6.612188376673337753e-02
6.618330503255286101e-02
-1.258511438955315850e-02
-5.481606107885070994e-02
1.295034284147600877e-02
6.839863376553054208e-02
-3.414985680406344010e-02
