5.692540701418932108e-04
-9.578754884405073569e-03
1.423447584067343095e-04
-7.777580869377954259e-04
-5.249500407535443179e-07
5.413998030351256929e-01
3.188680657510721272e-01
6.655205565708873783e-01
-4.028545627137335994e-01
-8.667887353217945678e-02
-1.705696084048029422e-03
-1.947162291747234555e-02
-6.849888201699459722e-02
1.422779532725838847e-02
-3.871639889887520253e-02
-1.626775179800225499e-02
-6.587551939641426990e-02
-6.522175579853828342e-02
6.645120347861566135e-02
-1.322357420762750556e-02
-6.141383313277651995e-02
1.429887620084385053e-02
6.681145068387721320e-02
-3.493503271557227979e-02
