5.033857223886679250e-03
-4.024382500348127473e-03
9.864570458454751398e-05
3.390594309219872285e-04
-2.051019654762074591e-04
5.816270348603422846e-01
-2.192455314875994821e-01
5.372615736311875390e-01
5.700801616804660465e-01
-8.050165666734883374e-02
-2.006178612481622839e-02
-3.280980801853361495e-02
-6.943305989894862917e-02
1.196163326730284235e-02
-4.793396456064950156e-02
-1.603762756387733593e-02
-6.758616866273964296e-02
-6.453142552912231877e-02
6.659552826414953663e-02
-1.089487298689249643e-02
-5.236701617126869601e-02
1.363571534839523938e-02
6.874960343596783763e-02
-3.583401757140344812e-02
