-1.730594362123125118e-03
-3.106156833588046787e-03
9.439909021825068896e-04
6.119584000886171956e-04
-6.914429757417526849e-03
-3.897102918787565540e-01
2.154491034164641439e-01
-8.714101099489790503e-01
2.057959973360136141e-01
-4.086460374574479859e-02
1.065587370081412522e-02
-6.715588346519604790e-02
-7.058467908884331898e-02
2.636851013597975649e-02
-5.822647890152907180e-02
-2.179948211116981491e-02
-6.624292533125682170e-02
-5.533066026242604296e-02
7.005141713656225233e-02
-2.582609537364057364e-02
-4.663361408345113174e-02
1.931810186976991653e-02
6.665708216441426637e-02
-5.023229334376353578e-02
