-1.256794248808485587e-02
1.253649663686838729e-02
-7.963593196061138826e-04
7.616834854293533762e-04
2.442118855239038509e-03
-1.634801947010716770e-03
-3.845315533978894279e-03
-3.641577922726831340e-01
9.313278924729591068e-01
-2.714438018401053366e-04
-6.170863058670211440e-04
-5.852134060433891727e-02
-6.475206648963792444e-02
2.401851859708415901e-02
-4.883045847536237466e-02
-2.686730187332066894e-02
-6.076150317347363272e-02
-4.867306349665521253e-02
6.595298328409285316e-02
-2.253935151119335761e-02
-4.970882273111119909e-02
2.530097752722494653e-02
5.967228240909586146e-02
-4.905347441549740700e-02
