4.741368042220031435e-03
-1.659161487391919718e-03
6.072932417628646253e-05
2.941161517351495924e-04
-3.111666064779659738e-04
5.255027563466615481e-01
-2.683574554770425391e-01
4.290095492644325215e-01
6.839458573614412007e-01
-7.861609027929257476e-02
-2.133254486835636440e-02
-3.615297646727864966e-02
-7.058713557834558894e-02
1.124615173810514929e-02
-4.886423738066775907e-02
-1.620118276200883597e-02
-6.706136194099505954e-02
-6.334093415442257347e-02
6.747351197977032033e-02
-1.004875733531667217e-02
-5.151054004671065667e-02
1.378090252955096670e-02
6.812224549590699396e-02
-3.699066643712612540e-02
