-2.371222663470057192e-03
2.374093248485726650e-03
-7.519877792628706708e-04
7.532978097367107285e-04
2.946247294974661270e-04
-6.865645091913838763e-05
-1.212222230679818640e-04
-1.844639678490240728e-02
9.998298410415233928e-01
-2.966140593265390797e-05
-5.281234983109917659e-05
-9.175575224156072227e-03
-5.757964834934482107e-02
4.039820274820763585e-02
-4.999549631357680379e-02
-4.082768918570391786e-02
-5.760368382740557042e-02
-4.996625198986549138e-02
5.774940723803924369e-02
-4.034802806865216140e-02
-5.002293767356901649e-02
4.028086583024749479e-02
5.794242944999371953e-02
-5.008253049616665648e-02
