-1.825911161746375522e-02
1.527491734683427728e-02
-6.653506766888934955e-04
5.422897603783933314e-04
4.656586908925371485e-03
-3.881979705696884941e-02
6.878289536064418654e-03
-6.465516473729556735e-01
7.618508251415306853e-01
-4.785544194718811470e-03
4.814712930986830451e-04
-6.993051738906405634e-02
-6.435977125034211821e-02
2.754530995517777761e-02
-4.712458383945664075e-02
-1.722077720225707181e-02
-5.598981916733886816e-02
-4.843961636823006928e-02
6.429771159958361237e-02
-2.530990815299030694e-02
-4.710868916664859990e-02
1.692448842998431000e-02
5.412642672733637000e-02
-4.459603168839878368e-02
