1.883873699597609329e-03
9.692747903691813910e-03
-3.252530191209902842e-04
2.549842981741029589e-04
1.610109855619939676e-03
-1.642384060648832411e-01
6.135090561655881514e-01
-2.551616119299150998e-01
-7.290575668446238611e-01
-7.754038173332307438e-02
1.900968862395069348e-02
-3.286496761717379311e-02
-6.538873295573810474e-02
1.570152665179766135e-02
-3.490770011463304595e-02
-1.797766977196815774e-02
-6.903178181542103664e-02
-5.592379279475580278e-02
6.355651705489624714e-02
-1.436722576352205717e-02
-6.554538301108935039e-02
1.604407027741177119e-02
7.037731402684790916e-02
-4.452916605228297853e-02
