3.429225284721346047e-03
-1.167869224334561716e-02
2.397061986400636112e-04
-1.477231447275536669e-04
-1.380682512822278341e-05
6.566319206363772087e-01
5.822689273116975206e-02
7.513597057321608208e-01
3.004567134107482412e-02
-8.532684518787740646e-02
-1.144182960812448711e-02
-2.283773358570084788e-02
-6.873461899625840643e-02
1.424754802052339252e-02
-4.278209729623719954e-02
-1.546589120037469151e-02
-6.649289126559893015e-02
-6.651679045626955611e-02
6.644807268634657371e-02
-1.318794033622621396e-02
-5.734792731104987329e-02
1.314755705598580349e-02
6.741395719961665312e-02
-3.367086500403070753e-02
