-5.776610712607468424e-03
-2.205073466178016865e-03
8.210325531989683730e-04
4.474178432811675267e-04
-5.266519103182264704e-03
-3.471008796942212093e-01
1.765735896442169051e-01
-8.635179138152462297e-01
3.204365136432152372e-01
-3.618030435174016124e-02
9.550000041166120321e-03
-6.975396335539693626e-02
-6.689529555643991543e-02
2.681794141271505102e-02
-5.648855967360899566e-02
-2.062041179374921734e-02
-6.493151794457266424e-02
-5.582347812035900331e-02
6.663877905085892339e-02
-2.607408155372381922e-02
-4.452500196257445919e-02
1.821792197827797055e-02
6.488502256345730912e-02
-4.657606082903886086e-02
