2.636019268509678243e-02
-4.152264040804645381e-03
1.465253233182237319e-03
3.487231569021930627e-04
-1.390665924569942438e-03
-1.543568038704537793e-01
1.834019908497218632e-01
-9.630881521965961589e-01
-1.224699879554286552e-01
-3.078979433432388682e-02
4.778056614397362990e-03
-6.452180656196480901e-02
-6.753831474904052612e-02
1.512591677596085080e-02
-4.217701447559312616e-02
-9.807268000425972687e-03
-6.971572254730243334e-02
-5.826086074082551663e-02
6.708993422109230109e-02
-1.172579355026454398e-02
-6.168804177775397829e-02
4.731427958456972498e-03
7.323386512259033587e-02
-4.559426159428214831e-02
