4.026617643336141868e-03
-2.648915884095219293e-03
6.955005261313433997e-04
-7.275215315200376891e-04
-2.673971219776748696e-03
3.393322071256042564e-03
-2.304558595069614857e-01
-4.950898193264953173e-01
8.377139446036973025e-01
-6.130832177286311274e-02
-1.712335402873527840e-02
-5.780109962649115224e-02
-7.069744124105420413e-02
1.407108351403951046e-02
-4.899304957692119517e-02
-9.293826641478403205e-03
-7.046914238670670683e-02
-5.799836517511679918e-02
6.611051833389186561e-02
-1.235586284519978387e-02
-5.218423278738563292e-02
5.401195157533222706e-03
7.403224336105082570e-02
-4.452146014209582003e-02
