3.499031310708878868e-03
-1.654177939569327887e-03
5.953507806066552941e-04
-6.942797383999212970e-04
-2.411206323822987895e-03
3.922841536353946501e-02
-2.533397004962842369e-01
-4.310585504392996925e-01
8.651408288097888200e-01
-6.278712400182553943e-02
-1.812131781068397271e-02
-5.655772690778907569e-02
-7.141036059686238502e-02
1.462752425750499241e-02
-4.910291352659462705e-02
-8.908385716670441309e-03
-6.942283248790513672e-02
-5.804617255860938796e-02
6.681452263178125350e-02
-1.312836341968416816e-02
-5.199653353525947319e-02
5.162051823883254988e-03
7.274291994748458001e-02
-4.398974634152929414e-02
