-7.223420985157493271e-03
-1.675656851762961138e-03
7.574630597894821708e-04
3.899028391755777361e-04
-4.516931943394078205e-03
-3.296679972305588402e-01
1.642082466867576529e-01
-8.576964891509449851e-01
3.587637047141141178e-01
-3.440426867633467056e-02
9.184087908324317304e-03
-7.043084999343576791e-02
-6.581443397923354699e-02
2.710847770244564914e-02
-5.570690444140622560e-02
-1.998651441195408579e-02
-6.434057598966867741e-02
-5.590752548234401154e-02
6.560287752382917836e-02
-2.626345772221570785e-02
-4.404086329298464303e-02
1.769448717893401524e-02
6.410402532511602636e-02
-4.539404790898189657e-02
