6.028695456041927025e-03
-7.009972077356132949e-04
6.978334099890312484e-04
1.003608006597152096e-03
-5.819934437497725245e-03
-4.426727769351311848e-01
3.437451237796926851e-01
-8.184006185565314562e-01
-1.268878638188453700e-01
-5.163519545559891455e-02
1.468072451917549863e-02
-5.662002821849290712e-02
-7.639954997342819631e-02
2.846405430933203820e-02
-5.470660810414852693e-02
-1.900026455319908311e-02
-6.898510670711943682e-02
-5.256415927328619148e-02
7.500945492347299570e-02
-2.746382389957224834e-02
-5.617685963232540297e-02
1.657502438014172783e-02
6.933868169217889676e-02
-5.777736198241985310e-02
