-6.497832041396226551e-04
2.985963303743526757e-03
-2.060116032072899206e-04
-7.001992991473479340e-04
5.644507245821662718e-04
1.959229704304583930e-01
5.760426359825906450e-01
2.471078976604532129e-01
-7.541397470640074374e-01
-8.502832198290369292e-02
1.150980655947269997e-02
-2.296908098506146231e-02
-6.777247830566331122e-02
1.403019737313285914e-02
-3.552821686697701237e-02
-1.744015323018156122e-02
-6.598613087038075753e-02
-6.088490697569188398e-02
6.601012346462983849e-02
-1.293945942418396264e-02
-6.442648267277169272e-02
1.549222029633588044e-02
6.710054923832557694e-02
-3.904266762293425591e-02
