-3.020515901228247937e-03
-2.913684872893951283e-03
9.142408533483469294e-04
5.586145192027173068e-04
-6.475409397019593963e-03
-3.770823520986911204e-01
2.022018926172108599e-01
-8.703110300571367253e-01
2.438893300630891048e-01
-3.940141466947010701e-02
1.028295926895834815e-02
-6.810523317558850320e-02
-6.932077841530136231e-02
2.643112655835199928e-02
-5.776806669922294329e-02
-2.154468359934675822e-02
-6.587080030478521808e-02
-5.553183656739123925e-02
6.890055266922313904e-02
-2.584336516848739773e-02
-4.583182651101586763e-02
1.905278152042529788e-02
6.615848756160190580e-02
-4.901458544265398232e-02
