2.716845208919366466e-03
-1.202623017861742874e-02
2.373849842954950341e-04
-3.206366172207767242e-04
-8.093962039240151598e-06
6.423202207874465497e-01
1.238708396326161087e-01
7.516234945208173368e-01
-8.451551065095455617e-02
-8.586096863463656137e-02
-9.159070033657080653e-03
-2.154562701483689682e-02
-6.875068847284447615e-02
1.427552306669669507e-02
-4.168070628285761026e-02
-1.565087731072566796e-02
-6.622078590333219106e-02
-6.641044352661566730e-02
6.651939163039428948e-02
-1.324377136997454719e-02
-5.843956963048724251e-02
1.342629404066489167e-02
6.711041254050746641e-02
-3.375828617573971291e-02
