5.572344091715946378e-03
-1.279011789736879444e-03
7.637580742972574889e-04
9.745828212743632823e-04
-6.311762425219137954e-03
-4.416995282241075182e-01
3.289009577740297230e-01
-8.297211611060881786e-01
-9.104109816281569234e-02
-5.050423571661605271e-02
1.417161125169948306e-02
-5.787249406373039251e-02
-7.653271549521332984e-02
2.825790788905124112e-02
-5.577465702284344073e-02
-1.953863969602976508e-02
-6.866052699094432610e-02
-5.288219722795372418e-02
7.517726741743514796e-02
-2.733192224763701314e-02
-5.506895401092458397e-02
1.718120982950006176e-02
6.905169322375438734e-02
-5.744368460648990871e-02
