4.333728762145945546e-03
-2.240643680522695982e-03
8.737453805413472304e-04
9.011539938106042551e-04
-7.081001361510417917e-03
-4.362131919204822461e-01
2.995718350792404561e-01
-8.483136849955948966e-01
-1.840268108171312644e-02
-4.826520610241227111e-02
1.318637064148469110e-02
-6.035856564638464317e-02
-7.616111063349458032e-02
2.766980269449118707e-02
-5.746075105322346471e-02
-2.057584907070126451e-02
-6.803069005280279469e-02
-5.355479807822052796e-02
7.492606704617284230e-02
-2.690706699445034183e-02
-5.280605782586100111e-02
1.828922540912717928e-02
6.852270066321072828e-02
-5.631940623045322142e-02
