-1.106387465713506817e-02
1.110422948649772250e-02
-7.978211056304570625e-04
7.774995865168138126e-04
1.874818289105000240e-03
-7.770942568865570402e-04
-2.972379562996120897e-03
-2.983234848569321640e-01
9.544598783956635968e-01
-1.403239412983997721e-04
-5.314796820295226596e-04
-5.403867415392115542e-02
-6.420661513416461852e-02
2.453054962672032019e-02
-4.920077840867573271e-02
-2.791846640924014120e-02
-6.198810325356508139e-02
-4.906263668512331200e-02
6.542828659138399949e-02
-2.334452987760055401e-02
-4.993768929606916263e-02
2.632844728809437609e-02
6.119249077756648558e-02
-4.956760246284664523e-02
