-1.530415952260822635e-04
-6.994633305729815696e-03
6.474511861205412932e-05
-8.905208986818328402e-04
3.631382567784440397e-05
4.714732982334442490e-01
3.981854003102230366e-01
5.885716986611324586e-01
-5.222496257230007100e-01
-8.667808250814057480e-02
1.734536853944591318e-03
-1.947812352384549819e-02
-6.835821208789562287e-02
1.423783747562505642e-02
-3.765153250756840542e-02
-1.649384031879466694e-02
-6.583302377760598401e-02
-6.433965648933762105e-02
6.637001403840997460e-02
-1.322418188345728975e-02
-6.247727187934788706e-02
1.458762656438428694e-02
6.683853570121162102e-02
-3.580350442327559501e-02
