4.845022111419857759e-03
7.836020469596997537e-03
-1.195384912987931857e-04
8.210535207094511170e-04
6.281905133514521008e-04
-3.441634999478834778e-01
5.326482551936790877e-01
-5.493607340615649370e-01
-5.440956767096126745e-01
-6.803053439715527062e-02
1.964183292359248517e-02
-4.156498920557409604e-02
-6.673744304702187990e-02
2.208853653272185857e-02
-3.875479934270809751e-02
-1.642383319313340043e-02
-7.132081412539617582e-02
-5.248945223932367787e-02
6.508677701996032350e-02
-2.094959579119895499e-02
-6.512848399742839078e-02
1.369367290901444753e-02
7.265942908548912726e-02
-5.123382785938919437e-02
