1.969323561919726715e-03
-1.179045427460195285e-02
2.200063134478866451e-04
-4.918709326288192704e-04
-7.490842838785781552e-06
6.180752390686405917e-01
1.900445588458462565e-01
7.371329546144471667e-01
-1.962168996919111397e-01
-8.626118892357999279e-02
-6.754655820657480374e-03
-2.054360919350336698e-02
-6.870334779134283643e-02
1.425530169034639090e-02
-4.062228072374469284e-02
-1.586753201693329174e-02
-6.603762800316460846e-02
-6.615169874668336281e-02
6.653562909702355477e-02
-1.324599011264224538e-02
-5.949699047119769851e-02
1.373776850765359714e-02
6.692083034019545573e-02
-3.400805355605290847e-02
