-1.030369120288167004e-02
1.035943095679795097e-02
-7.990644905705449530e-04
7.842622397559059723e-04
1.605984477624663098e-03
-5.125561692601294074e-04
-2.527376252769006262e-03
-2.657648820209078666e-01
9.640344273623546734e-01
-9.594504831755997203e-05
-4.791183965242352158e-04
-5.140183947405206621e-02
-6.394208067822630681e-02
2.499669356041031229e-02
-4.936450695893296325e-02
-2.838023218997560645e-02
-6.246905520514181576e-02
-4.923907707516651105e-02
6.514030327955867838e-02
-2.396164589464424427e-02
-5.002186396995064732e-02
2.681266054128517151e-02
6.182467317393425948e-02
-4.977450165443769031e-02
