-4.811326684429287001e-03
4.831394684305272309e-03
-8.112991971623146042e-04
8.128239005058738144e-04
4.787347727969323233e-04
-6.274014191394978817e-05
-4.085470605792588844e-04
-6.762051934544190124e-02
9.977110275607996570e-01
-1.383949501773851473e-05
-1.297460165863158449e-04
-2.393196876753711511e-02
-6.127051550132922575e-02
3.305972022740832905e-02
-4.997687530956381602e-02
-3.428035402287834404e-02
-6.163728607084757033e-02
-4.991668113492697678e-02
6.184960797883168326e-02
-3.289711557259202002e-02
-5.012098421947334265e-02
3.332887024095584211e-02
6.186720996235190589e-02
-5.024455897131573090e-02
