2.908856074754551102e-03
1.845540109076005070e-03
1.713772581506670036e-04
-2.780428688433090852e-04
-1.162876103392201021e-03
2.601831107881636962e-01
-3.279264298091477126e-01
-4.498742300750285805e-02
9.070529958411274185e-01
-7.046498628754860327e-02
-2.186671892796829275e-02
-4.827896607375586208e-02
-7.432069947516571629e-02
1.336642019040605589e-02
-4.983044823964744019e-02
-1.212010361544214009e-02
-6.495398832605306372e-02
-5.914604251088866754e-02
7.064015003850947216e-02
-1.202035446979275377e-02
-5.121101752744086633e-02
8.680967166231901011e-03
6.661900785178827278e-02
-4.107099796072920250e-02
