4.057201204566518969e-03
-1.079622589936589903e-02
2.278736403836226134e-04
1.380230453788708979e-05
-2.789043082002596772e-05
6.608625078379702922e-01
-5.608987764340118282e-03
7.362850957677098407e-01
1.453049990217217813e-01
-8.465391696519004860e-02
-1.357338504942955971e-02
-2.439925163732573066e-02
-6.866831978494411515e-02
1.410795636372497337e-02
-4.390209054354790585e-02
-1.536056941276587109e-02
-6.683773150612465352e-02
-6.646108879872907049e-02
6.633247299224527549e-02
-1.303042179440524161e-02
-5.624746762705110786e-02
1.296127100142399451e-02
6.781570726135777161e-02
-3.375616269531379193e-02
