-1.162471726603278924e-02
7.149571850945863651e-04
4.947004016083647723e-04
2.273679296161557756e-04
-1.877336525536811617e-03
-2.680198175584891374e-01
1.285088935616974237e-01
-8.297001862363749813e-01
4.724917381614064937e-01
-2.835664632720387782e-02
8.032252811092250797e-03
-7.178147640671540819e-02
-6.344651869365931784e-02
2.807590172182104077e-02
-5.302964030291739544e-02
-1.777344853194450652e-02
-6.206008186796244802e-02
-5.578835944160113330e-02
6.324386607323151388e-02
-2.689606756910016203e-02
-4.336195127751352185e-02
1.604799142117128638e-02
6.127510047821816547e-02
-4.231858166906875968e-02
