2.469048728836448822e-03
-1.201369490103927629e-02
2.332735341279757227e-04
-3.785575444157527822e-04
-7.512507531754611455e-06
6.353288133595182963e-01
1.459334463578285668e-01
7.484215109181039383e-01
-1.221718877007935827e-01
-8.600899727551881979e-02
-8.369609306476982757e-03
-2.117848561102304156e-02
-6.874153407692859541e-02
1.427135447462560616e-02
-4.132201339573522703e-02
-1.572176228048982258e-02
-6.614996880155472880e-02
-6.634061840041673153e-02
6.653076105984627453e-02
-1.324831451337881230e-02
-5.879705107705920225e-02
1.352911868917879186e-02
6.703477561351774139e-02
-3.382410010319536475e-02
