-9.013524690676586967e-05
6.525662487514416639e-03
-2.913874249839084100e-04
-4.057237104173261810e-04
9.966357541681221052e-04
6.510049340445589472e-02
6.133367616342020323e-01
7.207011567253665540e-02
-7.838276857916628426e-01
-8.326819041929693632e-02
1.489983557002580970e-02
-2.586760149139749262e-02
-6.710498352517103859e-02
1.397410045184110244e-02
-3.500792725592650340e-02
-1.794601781565154791e-02
-6.658248782466795468e-02
-5.924501809689038806e-02
6.540406372069491880e-02
-1.274349987187999196e-02
-6.484642712548245591e-02
1.602043005135488779e-02
6.767532068755320596e-02
-4.059526970992776568e-02
