4.898313028300964496e-03
-7.797047214354742815e-03
1.716200139567799186e-04
2.565548670361637688e-04
-9.126118328212009124e-05
6.395877934070056670e-01
-1.229479031342404216e-01
6.629758342683648165e-01
3.691535057612433390e-01
-8.287388596723654910e-02
-1.727420167286355945e-02
-2.822958199752124281e-02
-6.865054646251002313e-02
1.330001707724336700e-02
-4.607839139974953535e-02
-1.552435841176661065e-02
-6.751217911292956009e-02
-6.583637475264281225e-02
6.615899170374311966e-02
-1.224670883485754619e-02
-5.413714729349985294e-02
1.306034656033647039e-02
6.864166313892751392e-02
-3.446628755354706752e-02
