4.804162868330056138e-03
-8.381646590005186609e-03
1.831461539859776126e-04
2.259160860425015436e-04
-7.707108134590956276e-05
6.458059493110771543e-01
-1.046347631199154998e-01
6.790423842728406933e-01
3.329980218294300576e-01
-8.321173209133433946e-02
-1.671575783479537988e-02
-2.753258832300263179e-02
-6.861852471929885677e-02
1.348645591729312476e-02
-4.573006136480948364e-02
-1.546107744591927735e-02
-6.742198304642338380e-02
-6.598878733105677241e-02
6.616427143019684709e-02
-1.242546483106969982e-02
-5.447250239435109248e-02
1.299625127394114787e-02
6.852800926744181953e-02
-3.429835758721908046e-02
