1.515553581390935607e-02
-1.005341170499890815e-02
1.525700320721472877e-03
-3.025155277395559939e-04
-4.160520558327834503e-03
-1.973743724513814524e-01
3.702424434453329555e-02
-8.999941456094574521e-01
3.868890025560849377e-01
-4.646203540222202527e-02
-5.420239849273028945e-03
-6.445469295699421397e-02
-7.442250460273275303e-02
8.978817316998573272e-03
-4.704679853006420859e-02
-1.426754588038417655e-02
-6.805534440078031544e-02
-5.652187133509538330e-02
7.208723104942628412e-02
-5.465936870301417103e-03
-5.906237365344681189e-02
9.594848788610992052e-03
7.383425371305288309e-02
-4.716229276094052736e-02
