6.098273379100598544e-03
5.557148898801121673e-03
7.224997050175857973e-05
9.784892226275816556e-04
-7.961398789025542124e-04
-3.968071486186034447e-01
4.784561277854362249e-01
-6.554234200341276795e-01
-4.290034511055912381e-01
-6.288292707748471821e-02
1.871910011413885702e-02
-4.586935511345810457e-02
-6.961999755390184397e-02
2.553423712563512166e-02
-4.279058304629129034e-02
-1.611853520534621900e-02
-7.128264225717363678e-02
-5.157017095298988690e-02
6.812369365405432364e-02
-2.436523648254578650e-02
-6.367025730883185686e-02
1.313484432802266427e-02
7.220087459107922545e-02
-5.459845148113844082e-02
