2.202187124709520036e-02
-9.942163834517481549e-03
1.667399449359287808e-03
1.303963498865899054e-04
-3.801785215248782140e-03
-2.120198923550929426e-01
1.368865372995896890e-01
-9.557727027572329170e-01
1.510237789753555160e-01
-3.985860046937404061e-02
-3.468629280549632554e-04
-6.511560046412660785e-02
-7.423451596030228306e-02
1.306370072925860416e-02
-4.269025140804511703e-02
-1.164147961735497935e-02
-6.678856020160295337e-02
-5.828083204518975241e-02
7.265751804336410824e-02
-8.601554089253223706e-03
-6.405744195860250956e-02
6.891168196831231468e-03
7.197982509717680555e-02
-4.545844922375729541e-02
