8.585113050801698471e-04
8.876145548297036461e-03
-3.339737586167195143e-04
-4.434219254463749103e-05
1.426672484204827415e-03
-6.543638520020542138e-02
6.243059259138037387e-01
-1.103267514166365731e-01
-7.705765362912954108e-01
-8.054631299056398686e-02
1.756081253696152589e-02
-2.950343934069157847e-02
-6.611906712427829957e-02
1.446482069508508994e-02
-3.472205953049558452e-02
-1.818799423219390546e-02
-6.775741220928672981e-02
-5.747112606832201209e-02
6.436171059922463078e-02
-1.311521065093483943e-02
-6.524194756314420640e-02
1.631928987597848490e-02
6.893319368039353690e-02
-4.249957997737228294e-02
