4.630288226053748402e-03
-1.132088341763363981e-03
5.444651380329085477e-05
2.712829129472745502e-04
-3.435591569943824549e-04
5.096119445058790998e-01
-2.785377561718712647e-01
3.993793208241128712e-01
7.093719352369011188e-01
-7.811141634740262352e-02
-2.157263169393398156e-02
-3.701269253583590324e-02
-7.093626083496379353e-02
1.114260276776168034e-02
-4.905101192135193078e-02
-1.617450998351953328e-02
-6.686406975470132741e-02
-6.301551390164840394e-02
6.776257304145483218e-02
-9.899245151573568893e-03
-5.134878617183624705e-02
1.372604267864259604e-02
6.789265210315861832e-02
-3.729534849819081399e-02
