3.941499669303025546e-03
9.394823213510776396e-04
5.130166485434450039e-05
1.009127165313515714e-04
-5.629501764383698778e-04
4.211517047907281097e-01
-3.160674425591445957e-01
2.387913669475556777e-01
8.159113287467595343e-01
-7.540699182734622585e-02
-2.230490244310090811e-02
-4.138105313491860504e-02
-7.276433389098017901e-02
1.126583541243272521e-02
-4.969760602360875218e-02
-1.543345950880125467e-02
-6.570403260913276755e-02
-6.134055008173238538e-02
6.938774893717167269e-02
-9.810879712099504144e-03
-5.089849023975875908e-02
1.267342524141524401e-02
6.666175671284975401e-02
-3.882839194551666873e-02
