2.690076717248520918e-02
-2.736667786460133048e-03
1.391797096820760350e-03
3.822102485878995748e-04
-8.873697263493639503e-04
-1.326147387303583391e-01
1.893078418463495505e-01
-9.544255462373187893e-01
-1.888061142456779196e-01
-2.832802167863728363e-02
6.283221688997906763e-03
-6.433940662727639925e-02
-6.533099633789947458e-02
1.449896206206999216e-02
-4.184438581580427613e-02
-1.036667909654698586e-02
-7.040854365612206345e-02
-5.834348317999185629e-02
6.488885428026264224e-02
-1.143122923237910142e-02
-6.083776459965243438e-02
5.347480530840674311e-03
7.353725096440062725e-02
-4.522049299215784995e-02
