-3.189083832983866888e-03
3.195595942198347847e-03
-7.914245060110666969e-04
7.929429097887599927e-04
3.726736885407560011e-04
-7.169865731495083186e-05
-1.871660759559990350e-04
-3.135519117874975559e-02
9.995082850153401699e-01
-2.563641234275391520e-05
-7.264384697215159553e-05
-1.395110672037045210e-02
-5.915812052129734711e-02
3.762711340820427963e-02
-4.999691881432268697e-02
-3.827752487106732965e-02
-5.930860695833788804e-02
-4.995556018568755863e-02
5.946636306559945767e-02
-3.756508626096796005e-02
-5.005444827577384265e-02
3.759428791890012667e-02
5.963772293032445354e-02
-5.014240931916526256e-02
