-1.548801961612873354e-02
1.499837736671447673e-02
-7.902824885839623576e-04
7.126415903487184466e-04
3.585994592619887959e-03
-6.212552519062402093e-03
-4.607528946866796399e-03
-4.946407665975509071e-01
8.690631086911865255e-01
-8.847992582600704712e-04
-6.223644391740331110e-04
-6.499810132596041401e-02
-6.557189789991023365e-02
2.463508575898995176e-02
-4.796376261395687846e-02
-2.358720741972904905e-02
-5.791188045836625359e-02
-4.791191226709578393e-02
6.641478481114652943e-02
-2.265774034244317017e-02
-4.898053352986067588e-02
2.238873901622490115e-02
5.632254470955806724e-02
-4.763952266550945669e-02
