3.644418077038937692e-03
1.460981068512862352e-03
6.583788773511657752e-05
1.305612857792594681e-05
-6.839933264281749994e-04
3.824565718042316487e-01
-3.246419533152308246e-01
1.699581210133231657e-01
8.482032833778978542e-01
-7.424195324679808139e-02
-2.238125754416016300e-02
-4.313392545382541132e-02
-7.340275894469365514e-02
1.162380915315546111e-02
-4.982595455320689565e-02
-1.482015491215036597e-02
-6.528543783795474897e-02
-6.070130404700794374e-02
6.997664994388926030e-02
-1.013500747051850753e-02
-5.088258915118843567e-02
1.187651746036526637e-02
6.630901530266287980e-02
-3.942106912630639198e-02
