6.622964406601001414e-03
6.003301902100921907e-04
5.532985526949765103e-04
1.043245730587740849e-03
-4.697314029462435273e-03
-4.410692022441134452e-01
3.737283478569433104e-01
-7.916899859428393471e-01
-1.975146753982791326e-01
-5.396147448921111839e-02
1.570403696731989540e-02
-5.412549072635580716e-02
-7.556814142324579098e-02
2.859942203356767229e-02
-5.223303939664367124e-02
-1.797714941244597103e-02
-6.963074945815794781e-02
-5.200709127286830269e-02
7.414531717544663170e-02
-2.748279688336727547e-02
-5.828352368886548923e-02
1.537568195841796520e-02
6.996511425976453813e-02
-5.797410851996101511e-02
