-7.716991816211075158e-04
-1.231580039625784339e-03
-9.570519762783122027e-05
-8.790972567560101326e-04
2.502753694179316816e-04
3.200953421542322430e-01
5.152505597053693709e-01
4.063202352978472764e-01
-6.833444951428016001e-01
-8.607106552836003843e-02
7.624580180620755925e-03
-2.089464879185827170e-02
-6.811273887587666886e-02
1.417664074477339997e-02
-3.623292825301381581e-02
-1.696009891775272782e-02
-6.580869708634448645e-02
-6.242850735768325915e-02
6.623941321550876060e-02
-1.314921368468883155e-02
-6.382934430354464395e-02
1.504974308943926239e-02
6.692050523747554436e-02
-3.761792738757165772e-02
