-7.847903169210185617e-04
-3.646292472680122670e-04
-1.188741797156084572e-04
-8.542359006232535558e-04
3.016985040898926954e-04
2.960921218358940066e-01
5.291124297800833265e-01
3.761170324765764628e-01
-7.006464657157335241e-01
-8.590953129476075478e-02
8.430998058962165323e-03
-2.124049034015717749e-02
-6.806336737601519082e-02
1.415204481419530570e-02
-3.607406747924362528e-02
-1.704615271450727818e-02
-6.582239955668250930e-02
-6.212849195210603387e-02
6.621155606745945943e-02
-1.311812666959571994e-02
-6.397017508172615774e-02
1.512715533723821976e-02
6.694040417373162133e-02
-3.789612471750678641e-02
