3.792274437088858589e-03
1.223895900108826901e-03
5.733435780814069783e-05
5.801549303195692811e-05
-6.209086208779897396e-04
4.019910114581583538e-01
-3.208218829850102427e-01
2.046351886291834232e-01
8.328271043136730167e-01
-7.483047983890506183e-02
-2.235846316606431017e-02
-4.225846545887969319e-02
-7.309738203222086728e-02
1.142447113022774033e-02
-4.977064202982562496e-02
-1.514942651582773178e-02
-6.548392272001980763e-02
-6.101589402508313109e-02
6.969548331643286854e-02
-9.947175054150169532e-03
-5.087982795608807229e-02
1.229973082786766161e-02
6.646555901746356576e-02
-3.912720988230663360e-02
