2.516853702755409219e-02
-6.583513154750296817e-03
1.571487293256778337e-03
2.882844295233779447e-04
-2.359229463607032985e-03
-1.818842361710851785e-01
1.725711969778858379e-01
-9.678359598569846733e-01
-2.075720149224925468e-02
-3.433145775832066593e-02
2.832299281634868132e-03
-6.482918771119856871e-02
-7.065404564211974492e-02
1.511188698783931701e-02
-4.241558884909879534e-02
-9.837545757888118206e-03
-6.838047368877907262e-02
-5.858412155373436681e-02
6.999382313807417377e-02
-1.114672953013138776e-02
-6.295066042747200774e-02
4.872424774388953335e-03
7.252988077968181013e-02
-4.539949235610432621e-02
