-7.987304928660754824e-03
8.043768597628378828e-03
-8.050955197762976615e-04
8.014054453428651669e-04
9.251984677867443590e-04
-1.214031033809970575e-04
-1.356002138851895075e-03
-1.720133159426414649e-01
9.850936836960751952e-01
-2.163817825716616075e-05
-3.126093652573182485e-04
-4.161451464080467844e-02
-6.315125086012300659e-02
2.728794132283503954e-02
-4.974808294262499792e-02
-2.995701624983717129e-02
-6.316361967192389570e-02
-4.965649785332000576e-02
6.416788545930093846e-02
-2.669058682618504624e-02
-5.016059311414618194e-02
2.856943527562536000e-02
6.295790656654391693e-02
-5.018110199402763677e-02
