4.972299501788017724e-03
-7.190526302627132590e-03
1.596046289617243489e-04
2.826235176931709051e-04
-1.068894279740723453e-04
6.323439835625819239e-01
-1.406711848923815067e-01
6.454437223860327588e-01
4.046666596417855533e-01
-8.251938367146935405e-02
-1.780720763441635476e-02
-2.894746345673857024e-02
-6.870588839445795903e-02
1.309638176147734714e-02
-4.641776131957972562e-02
-1.559918174687731883e-02
-6.758522157272231490e-02
-6.566478680392395795e-02
6.617088794394514195e-02
-1.205007279054616173e-02
-5.381124580182410078e-02
1.314041024323797310e-02
6.873478842548116918e-02
-3.465302940533285248e-02
