-8.765649135538214690e-03
8.827152323132849907e-03
-8.027501456313673950e-04
7.961723998384228349e-04
1.124979717277933789e-03
-1.998997803233387867e-04
-1.708634173426560330e-03
-2.023582616224306741e-01
9.793100502713566469e-01
-3.798011639700330178e-05
-3.676893338510975741e-04
-4.521081951434560015e-02
-6.342585865468435002e-02
2.636607902825641864e-02
-4.963982630845401728e-02
-2.935644076992309504e-02
-6.307365349571895929e-02
-4.953824353652069856e-02
6.451968413371808597e-02
-2.562836916374424193e-02
-5.013273483928157997e-02
2.789201753804681702e-02
6.272723276664909919e-02
-5.008193561461821847e-02
