2.175642688732328748e-03
9.738487257193218644e-03
-3.159628053340944229e-04
3.276435034943051884e-04
1.613595190893927622e-03
-1.875735728048866513e-01
6.081741849207917827e-01
-2.905432551257632889e-01
-7.145102745811749978e-01
-7.666741425124136422e-02
1.926492796925633258e-02
-3.375963966048912274e-02
-6.527219448639411115e-02
1.616874037195172031e-02
-3.505597966635007334e-02
-1.785965381856093742e-02
-6.936607083599763413e-02
-5.552267484104998763e-02
6.343077471993378846e-02
-1.485523846536092318e-02
-6.560384790638082442e-02
1.587866409672266874e-02
7.075673727599873786e-02
-4.512949138109680763e-02
