-6.880330458636339666e-04
-2.961077965062844635e-03
-4.878532068198234670e-05
-9.114172517609532087e-04
1.642953595002039232e-04
3.665317341336644663e-01
4.852021505275674884e-01
4.638643661623030323e-01
-6.442539955648217687e-01
-8.633309259269740521e-02
5.978444947460899092e-03
-2.030926178494037171e-02
-6.819426652083009077e-02
1.421341725857844761e-02
-3.658170983104384877e-02
-1.680499696698398507e-02
-6.580083600077009376e-02
-6.301174831356592954e-02
6.628196472979420995e-02
-1.319304163561706850e-02
-6.351006876897971609e-02
1.490834326093483028e-02
6.689160312692923882e-02
-3.707290484346129067e-02
