1.926237804230491665e-02
-1.059167332787690034e-02
1.641315162195205145e-03
-4.035990646463903826e-05
-4.126121639125036704e-03
-2.137653553981991306e-01
9.885367490569754723e-02
-9.382327468990971919e-01
2.534790650828876446e-01
-4.284320204084202111e-02
-2.474277794513101130e-03
-6.497880107599697530e-02
-7.503868366959975944e-02
1.119912163826834554e-02
-4.414457746800330012e-02
-1.297747379366749262e-02
-6.686002970551420399e-02
-5.720849439086166111e-02
7.297182742191463123e-02
-7.042079952153668977e-03
-6.266245818731686068e-02
8.272616439915321182e-03
7.241926361305642268e-02
-4.641631329176780507e-02
