-5.283803141578401023e-04
-4.646487791439717074e-03
-2.124734204070917990e-06
-9.202744908653256051e-04
9.942445979172184257e-05
4.105842262691550282e-01
4.522876002886940805e-01
5.172325022943061734e-01
-5.994389529672093930e-01
-8.652087008323890160e-02
4.297465280489014272e-03
-1.986757777452509421e-02
-6.826222439674761722e-02
1.423321564894890721e-02
-3.697475874988290917e-02
-1.667028078010513586e-02
-6.580894805402250081e-02
-6.356808947348820127e-02
6.631672678998920545e-02
-1.321568340563360547e-02
-6.313776617979267869e-02
1.477868591381774864e-02
6.686931074625213078e-02
-3.654644007360226265e-02
