6.366945281055948853e-04
-3.189541485102199460e-03
9.684177109294255263e-04
7.149384920394826490e-04
-7.435634193567743425e-03
-4.105493926686860640e-01
2.427007065627609650e-01
-8.692563489613036598e-01
1.301497714318932963e-01
-4.354717157174506359e-02
1.143161677784699376e-02
-6.506279930022459967e-02
-7.298841837056124771e-02
2.653262913410591589e-02
-5.868685728812789854e-02
-2.186996513723232782e-02
-6.687060763625474191e-02
-5.482946244844709438e-02
7.219746352910137721e-02
-2.600248911442472680e-02
-4.848013975156093697e-02
1.947099731809986620e-02
6.743149214620954013e-02
-5.257211595169791751e-02
