6.377643169050632548e-03
-7.098007098150263235e-05
6.270555537881204559e-04
1.026639950761595735e-03
-5.276518727121324963e-03
-4.424657603816394280e-01
3.586930272588833013e-01
-8.057252992215283571e-01
-1.623887473938217529e-01
-5.278561640238349506e-02
1.519359372419803143e-02
-5.536929033480911255e-02
-7.607095517404061091e-02
2.858311787653906866e-02
-5.351753540405153331e-02
-1.847435677383941696e-02
-6.931024006472072396e-02
-5.226964078154103938e-02
7.465958156304838833e-02
-2.751859672645684887e-02
-5.725211505349862146e-02
1.596569491190193840e-02
6.964345186895631867e-02
-5.795363310560711079e-02
