-7.788522418062311962e-04
4.961551947975243251e-04
-1.416419028721116230e-04
-8.237215515432238762e-04
3.588838640982355095e-04
2.716259619309199236e-01
5.421545227521918919e-01
3.450349947913143311e-01
-7.164067717671318558e-01
-8.572597532159419165e-02
9.224318883524731255e-03
-2.162128533509404330e-02
-6.800620497653053764e-02
1.412397971764612140e-02
-3.592481600911934941e-02
-1.713780276955497242e-02
-6.584500701575889126e-02
-6.182368169334315905e-02
6.617684576817484121e-02
-1.308086709788109855e-02
-6.409935505270408784e-02
1.520993638771499581e-02
6.696616294071927600e-02
-3.817768817209011428e-02
