1.476655558403337136e-03
-1.130360701823495545e-02
2.001615329288736352e-04
-5.985914003273748625e-04
-7.735063851980631338e-06
5.965611507277595038e-01
2.338199756427394582e-01
7.194334787052520941e-01
-2.680643246514901046e-01
-8.645615558229435837e-02
-5.099386709392010435e-03
-2.004509532763024474e-02
-6.864453466126735348e-02
1.423887841435113495e-02
-3.995118608546029126e-02
-1.601046636875902429e-02
-6.595983638376634595e-02
-6.589982139759008317e-02
6.652012552903441289e-02
-1.323689079093439726e-02
-6.017098586991555947e-02
1.394039444899406247e-02
6.685158467956511807e-02
-3.425814145615298234e-02
