1.824187387049618775e-02
-1.056810379989981362e-02
1.619069039885917593e-03
-1.062831068879376679e-04
-4.163938837089703818e-03
-2.112878356265038837e-01
8.403811210257712550e-02
-9.304553593505742182e-01
2.873114520625588142e-01
-4.377477720152455481e-02
-3.208273750473155609e-03
-6.487990107719621147e-02
-7.505903757811341337e-02
1.057186777498701595e-02
-4.486609111642163999e-02
-1.336772607720456731e-02
-6.706055476592895359e-02
-5.690221327918040112e-02
7.289722830538337972e-02
-6.578922908447642701e-03
-6.184714275069205791e-02
8.680362508584891709e-03
7.269737729758708744e-02
-4.672024285659390902e-02
