2.219240125329855363e-03
-1.193520117213992503e-02
2.274766105526102619e-04
-4.357988512406412796e-04
-7.366779678639290180e-06
6.272427335239080248e-01
1.680072447612206976e-01
7.435870786194572757e-01
-1.594314130257278861e-01
-8.614233890137976135e-02
-7.567754561902530035e-03
-2.084427543260348320e-02
-6.872550841817752498e-02
1.426403310577955934e-02
-4.096894117581068029e-02
-1.579445066841250744e-02
-6.608908242550831647e-02
-6.625423735446353546e-02
6.653603840981664463e-02
-1.324858250636202529e-02
-5.914982207349493010e-02
1.363351058165541106e-02
6.697177584507837955e-02
-3.390752362157752053e-02
