5.007101011141485217e-03
-1.795137278572020737e-03
8.229693614945265880e-04
9.401794303519419877e-04
-6.736789771191960090e-03
-4.395484213856190592e-01
3.141729252626137003e-01
-8.396913480246434025e-01
-5.487256456463265875e-02
-4.938436781616693111e-02
1.367191150464352328e-02
-5.912080722055704923e-02
-7.645560601204244577e-02
2.798503990329543820e-02
-5.669896280406259287e-02
-2.007079855794777212e-02
-6.834117929572665340e-02
-5.321519590305619218e-02
7.515117177662120063e-02
-2.713977113296606181e-02
-5.394087438667270751e-02
1.776060352183235491e-02
6.878104343204873017e-02
-5.695533398336148634e-02
