1.720484940886873523e-02
-1.045770879855049788e-02
1.591702701647462097e-03
-1.731285462437608222e-04
-4.179010638673958701e-03
-2.075891586898787888e-01
6.864759809818291036e-02
-9.215376154398450259e-01
3.208779702616288421e-01
-4.468460467379696543e-02
-3.946137462857385834e-03
-6.475820672037965742e-02
-7.495669452320927184e-02
9.978175791573817496e-03
-4.562357549629967451e-02
-1.371770991550377676e-02
-6.733332144744509640e-02
-5.668034453754609153e-02
7.272551525998853517e-02
-6.154066003714531857e-03
-6.094009313214564239e-02
9.043962891567206355e-03
7.303249715091851557e-02
-4.695327228206788717e-02
