3.110534477909545140e-03
1.917689107228946841e-03
1.256615088285268408e-04
-1.795560038648672343e-04
-9.855295160155163030e-04
3.015828897552136900e-01
-3.305480907272044799e-01
2.748542613780169397e-02
8.938849320094380824e-01
-7.176851723235767866e-02
-2.216331933695639064e-02
-4.659205646719466465e-02
-7.422103784449309016e-02
1.272758112502819783e-02
-4.988499145121191858e-02
-1.311817328836060829e-02
-6.485817681946109969e-02
-5.958999496941779633e-02
7.065987719978852888e-02
-1.130297752353739624e-02
-5.106131314822034278e-02
9.813875685512427754e-03
6.624171301630230047e-02
-4.054084852158878344e-02
