7.822486998952527925e-04
-1.009860236314833425e-02
1.588901629073810986e-04
-7.383011913659825402e-04
-4.110845320690430701e-06
5.566466605008475454e-01
2.980334109925682484e-01
6.812438735277686064e-01
-3.704421224243682476e-01
-8.664392086732214393e-02
-2.561524479519459215e-03
-1.956115666981663934e-02
-6.853632217441038565e-02
1.422747161562965684e-02
-3.901021495974309194e-02
-1.620739435912539952e-02
-6.589044050704508104e-02
-6.541181734971202033e-02
6.647122883379182057e-02
-1.322528778660346169e-02
-6.111827460419517327e-02
1.421618257803210911e-02
6.681230274634408772e-02
-3.474566539129891191e-02
