2.744151315952959164e-02
-2.009741488869835890e-03
1.323646320576838667e-03
4.407760452568368348e-04
-5.876457141329900769e-04
-9.185500429956092172e-02
2.077309826494177780e-01
-9.314735590974371204e-01
-2.841962451106420651e-01
-2.459858569310627990e-02
9.432224524778317493e-03
-6.431500441009316282e-02
-6.218550763785499202e-02
1.266736487681463519e-02
-4.166294713942092498e-02
-1.190191796689579751e-02
-7.033159479024907179e-02
-6.064899035533229121e-02
6.185822166466460603e-02
-9.714755171040893519e-03
-5.899631568724781477e-02
7.484210131263893673e-03
7.313933459797034020e-02
-4.198098459597635057e-02
