5.919153596257570142e-03
-5.158923631804879402e-03
9.518252008142092302e-04
-7.404234520058466332e-04
-3.292499487065644274e-03
-7.477489242809196024e-02
-1.640728645608559577e-01
-6.412162100385667696e-01
7.458757152240171884e-01
-5.743931909018028248e-02
-1.430725400881655528e-02
-6.046994721897766545e-02
-6.975950633717979688e-02
1.171025658915656777e-02
-4.889642372734340214e-02
-1.138002926291629274e-02
-7.206440167513848694e-02
-5.790689105770781969e-02
6.565503141557056666e-02
-9.394156559832632369e-03
-5.293900129914452801e-02
6.949312081439712636e-03
7.634968364038233202e-02
-4.560658801233298532e-02
