-5.092635076065362646e-04
-3.196987352894004042e-03
9.621679154621674357e-04
6.640304794281010840e-04
-7.235233148690661982e-03
-4.008441641940992950e-01
2.289570897443284903e-01
-8.710458234979879810e-01
1.678742995638502766e-01
-4.224292567339881649e-02
1.103752295010157133e-02
-6.613829011008928727e-02
-7.182255458616905452e-02
2.640332798557142729e-02
-5.853832373703171665e-02
-2.190673532523753492e-02
-6.657080011728623570e-02
-5.509550027051204196e-02
7.116320065164068176e-02
-2.588030815949820054e-02
-4.752010269586549873e-02
1.946017740724089590e-02
6.707659058774489980e-02
-5.142453386520251524e-02
