1.605868382090244739e-03
9.582939095091298071e-03
-3.315642626630323957e-04
1.810518240570304022e-04
1.587134452506736969e-03
-1.402861342294433600e-01
6.178099166765256278e-01
-2.193668474937854607e-01
-7.419628653913490357e-01
-7.836455755423009373e-02
1.871043772014941570e-02
-3.199098283133899878e-02
-6.554044607956137358e-02
1.530103539315920240e-02
-3.480655047878295633e-02
-1.806981751486423995e-02
-6.869858379976680196e-02
-5.632036517939761205e-02
6.372300401868194464e-02
-1.395200019533422708e-02
-6.547686233932988042e-02
1.616976970436447350e-02
6.999755267994033081e-02
-4.396792673342436730e-02
