6.390109384871816428e-03
-5.634537895035359421e-03
1.001985139511157342e-03
-7.313444782140799717e-04
-3.400595903718725901e-03
-8.814222506070187868e-02
-1.495697557698770497e-01
-6.677031123494656661e-01
7.239008150838931455e-01
-5.663481640465767297e-02
-1.369319913525257962e-02
-6.092508466381596488e-02
-6.978293721306690067e-02
1.114919528892125561e-02
-4.891743756067964966e-02
-1.188286021796204975e-02
-7.213286742570944321e-02
-5.787793820174279985e-02
6.583833638650109232e-02
-8.724630697031053247e-03
-5.314445239376549418e-02
7.347383488424602711e-03
7.659239378428440992e-02
-4.576548732790369778e-02
