1.322982305620785774e-02
-9.497761022176660212e-03
1.449987498547133935e-03
-4.184609315915640919e-04
-4.098912675152511717e-03
-1.844775232771334872e-01
5.144481675630325351e-03
-8.733030132412971103e-01
4.508696316869150733e-01
-4.820733062714764594e-02
-6.879204792884357003e-03
-6.407871918887499130e-02
-7.355972997407879410e-02
8.347806056056585738e-03
-4.812614939852966067e-02
-1.456753121512623615e-02
-6.894054750201519810e-02
-5.668005538137366878e-02
7.110352312574230726e-02
-5.082229653234941573e-03
-5.736055428270178669e-02
9.855453876247595446e-03
7.472235369186117082e-02
-4.707657588815426786e-02
