-7.394479557987750432e-04
-2.098980396393894561e-03
-7.229027653206885078e-05
-8.981826328037493699e-04
2.045280064248845950e-04
3.435900303776853182e-01
5.006023502579795004e-01
4.355877513832409620e-01
-6.645347912533552392e-01
-8.621186567566341274e-02
6.806574721727830408e-03
-2.058412992584590304e-02
-6.815587499269611105e-02
1.419718714014833391e-02
-3.640197659688634152e-02
-1.687976759904994198e-02
-6.580206569228232161e-02
-6.272314229451340928e-02
6.626232620289103370e-02
-1.317408415646460600e-02
-6.367615719685670861e-02
1.497708045404992465e-02
6.690471511633894197e-02
-3.734337869059659032e-02
