-2.954845639933738051e-04
-6.243020786082975788e-03
4.306388539812859746e-05
-9.060150959767537034e-04
5.327929575293036807e-05
4.519211633243335746e-01
4.167993608732809552e-01
5.660173806448253186e-01
-5.492448267605043455e-01
-8.664136113719932142e-02
2.592612240295486849e-03
-1.957134979177169165e-02
-6.832588980491745290e-02
1.423878749509689505e-02
-3.741418002783946511e-02
-1.655043918988862231e-02
-6.582424685177407087e-02
-6.409181358387286420e-02
6.635145428188503336e-02
-1.322352617404823003e-02
-6.271098398952665298e-02
1.465227631432801381e-02
6.684857996821114146e-02
-3.604387384276516726e-02
