-4.002704827005425237e-03
4.015029002573403984e-03
-8.065408762113063235e-04
8.081915823430217737e-04
4.286906505216454659e-04
-6.889246166319960266e-05
-2.806400986311599578e-04
-4.782764338376971347e-02
9.988555616420817795e-01
-1.972511352121136401e-05
-9.803877562188892565e-05
-1.893766027022445939e-02
-6.036478275799814219e-02
3.518064196461951482e-02
-4.999192435747999014e-02
-3.609519255459434778e-02
-6.063717007359873540e-02
-4.994036835496499377e-02
6.081079629927472335e-02
-3.508037108816795119e-02
-5.008827456701635261e-02
3.527577578177282236e-02
6.092906565370503208e-02
-5.019892926769147640e-02
