-1.550358318109760266e-03
1.551621732007258184e-03
-6.524326455021790426e-04
6.536989027794287699e-04
1.893777616246604878e-04
-5.991138464374222769e-05
-7.565695898785690723e-05
-9.141272655244551959e-03
9.999582130373714239e-01
-2.950899507975682682e-05
-3.652191778157201163e-05
-4.860115076389776370e-03
-5.556537984488588156e-02
4.345967080478319727e-02
-4.999123353189921515e-02
-4.370969208302661474e-02
-5.547991577638265726e-02
-4.997658867518427195e-02
5.560182505180212564e-02
-4.339389378603155517e-02
-4.999612865147391033e-02
4.329528531170295791e-02
5.579790287125591108e-02
-5.002544745330217424e-02
