1.005518749830267705e-03
-1.056108078894504865e-02
1.740950054280255752e-04
-6.950225607926734757e-04
-6.266117993894798375e-06
5.709399083178947620e-01
2.768837393410951697e-01
6.954907700644956670e-01
-3.371284691828045910e-01
-8.659516169617582915e-02
-3.413217768583950897e-03
-1.968678009960503003e-02
-6.857366364638964318e-02
1.422911756381159930e-02
-3.931430049303898111e-02
-1.614446177941730037e-02
-6.590874759391920912e-02
-6.558853166979007610e-02
6.648990193776788127e-02
-1.322819989883809375e-02
-6.081210521619938303e-02
1.412875243608182479e-02
6.681843602394346715e-02
-3.456917508477123924e-02
