2.024525126919651807e-02
-1.050686203599677029e-02
1.657356121771521706e-03
2.245728975685074783e-05
-4.058812859707015830e-03
-2.148057122888621107e-01
1.128012166489256729e-01
-9.449735187319333596e-01
2.194525925706629910e-01
-4.188313021449026341e-02
-1.748918398463300680e-03
-6.505246150221433155e-02
-7.489283278597221039e-02
1.183727319488087071e-02
-4.351416925059122670e-02
-1.255382299003119165e-02
-6.674187773768389120e-02
-5.757096777286241363e-02
7.295467235594813027e-02
-7.536102822838022797e-03
-6.333023726447516155e-02
7.831854242476281314e-03
7.220465990451087335e-02
-4.607316095862847710e-02
