3.745520650467257760e-03
-2.146455487521092310e-03
6.449680948783209069e-04
-7.129109587965153571e-04
-2.542493280055063178e-03
2.103605169309377687e-02
-2.421976255947223267e-01
-4.634234551897324361e-01
8.521364303123381001e-01
-6.205205176881981033e-02
-1.763214574401997942e-02
-5.719145635317013365e-02
-7.104019982584497406e-02
1.438309727926205366e-02
-4.904441251033021115e-02
-9.059096704312038367e-03
-6.996229443167047146e-02
-5.801999268181132902e-02
6.643549310204056868e-02
-1.278079779158315318e-02
-5.208378359743590785e-02
5.246999226137474652e-03
7.340329830210505502e-02
-4.425919190966934313e-02
