-1.404850000410030192e-02
1.385919560185595520e-02
-7.950767998702383240e-04
7.411545360478045052e-04
3.021350406657743407e-03
-3.210476804541882636e-03
-4.509296375545313908e-03
-4.299250745938342777e-01
9.028476002739171946e-01
-4.914754265962073673e-04
-6.573115484800761852e-04
-6.211567605783571699e-02
-6.525439440766638011e-02
2.406133692026948129e-02
-4.841392434355882429e-02
-2.546664159121648022e-02
-5.933158923415540742e-02
-4.826815771639982044e-02
6.633187228564577098e-02
-2.231445655425128016e-02
-4.939356742351522223e-02
2.402807110735626778e-02
5.797403885499205489e-02
-4.841228014886902326e-02
