2.774979314256543865e-03
1.575880363913678044e-03
2.275549645768954994e-04
-3.738431334894071418e-04
-1.355965797397674141e-03
2.186299356815977202e-01
-3.216930166960032533e-01
-1.175239411702315717e-01
9.137300900619950150e-01
-6.912458057272771739e-02
-2.144419878176239899e-02
-4.992552050646888173e-02
-7.418754034781491202e-02
1.397475927987502226e-02
-4.973272362908778138e-02
-1.111746078885686960e-02
-6.530073725652857375e-02
-5.878574844591819004e-02
7.034430003257946540e-02
-1.270858176490615929e-02
-5.137006597219063303e-02
7.589118267413305641e-03
6.728770675392072020e-02
-4.158997686468664245e-02
