-4.371948740409761780e-03
-2.615251725464445322e-03
8.732236378798710055e-04
5.037906157846265770e-04
-5.923305894322495636e-03
-3.628967026548443053e-01
1.892382527659079439e-01
-8.677000361154022512e-01
2.821196806635042353e-01
-3.784317820341252109e-02
9.915329923201883500e-03
-6.897512222672282090e-02
-6.807667654768578824e-02
2.658548176597267179e-02
-5.718213769050205925e-02
-2.114715130104014018e-02
-6.543832162802488972e-02
-5.569685023637859639e-02
6.775009980279574073e-02
-2.592912392395453278e-02
-4.512543834615150712e-02
1.867912870570860584e-02
6.556981004899631316e-02
-4.778971904209281668e-02
