3.555012399335811136e-03
-2.608168705963261925e-03
9.146166096411137815e-04
8.583389848059578588e-04
-7.332079984330827811e-03
-4.316776268147928253e-01
2.851090236897937391e-01
-8.555878237691868504e-01
1.835066582193138271e-02
-4.713485156332050674e-02
1.271846217814641238e-02
-6.157896834283729803e-02
-7.565099135222794202e-02
2.733935858392454177e-02
-5.804606882258961376e-02
-2.103121729905020609e-02
-6.773088546342306837e-02
-5.389306899178657878e-02
7.450427791133307220e-02
-2.665538236146178935e-02
-5.167851914268142832e-02
1.874384360254584617e-02
6.826978771492347997e-02
-5.554709271849110619e-02
