6.770562664077264467e-03
1.301801750274964552e-03
4.783333730196793294e-04
1.053188252421446199e-03
-4.098024406700131496e-03
-4.384691328690455969e-01
3.888286002226021831e-01
-7.762900135647614608e-01
-2.322303899355588619e-01
-5.516613409187576950e-02
1.620571345999809870e-02
-5.289303006794405376e-02
-7.491722159635370859e-02
2.850226608747058812e-02
-5.088042522492704223e-02
-1.752234478258023892e-02
-6.994126715355372670e-02
-5.178446171062671410e-02
7.348907544993772689e-02
-2.734675296975593375e-02
-5.926139529096294961e-02
1.482556914401456788e-02
7.030062884448916305e-02
-5.784446288829560301e-02
