2.970013951539282344e-03
-2.861902717491103792e-04
4.546529801132353599e-04
-6.153000114633487647e-04
-2.028214446843314058e-03
9.652924654084001077e-02
-2.828508519332020299e-01
-3.303177665627576309e-01
8.953031180644415166e-01
-6.494928539678657131e-02
-1.946066143963245260e-02
-5.451962730197646573e-02
-7.256883833354949020e-02
1.494342457615829498e-02
-4.930856811384806693e-02
-8.988400653101715626e-03
-6.775579287856804689e-02
-5.816880421873855955e-02
6.813599180700190272e-02
-1.366885414318583757e-02
-5.178563789047472415e-02
5.356249793666329265e-03
7.069131624165497785e-02
-4.316946286342302624e-02
