3.198798918802730606e-03
-1.185716698849556550e-02
2.405759942248216453e-04
-2.047288513033007433e-04
-1.111968121990764173e-05
6.529786191197296530e-01
7.997000998163784902e-02
7.530965300162186793e-01
-8.326881382504794718e-03
-8.552007780274994975e-02
-1.069628716663244099e-02
-2.237599269039190764e-02
-6.874703903895110213e-02
1.426598667696482928e-02
-4.241162518226455208e-02
-1.552113056020961931e-02
-6.639261686232145188e-02
-6.649889649354391585e-02
6.647783913820236312e-02
-1.321536531207097472e-02
-5.771408590438625863e-02
1.323330177241838733e-02
6.730031776253990461e-02
-3.368126976722293081e-02
