-1.181857469778850069e-02
1.183118780943144197e-02
-7.969523333565677959e-04
7.700385771582057923e-04
2.155077426545043678e-03
-1.141090639746679880e-03
-3.419364220736478398e-03
-3.311776694126454257e-01
9.435615280112295000e-01
-1.977034861744543200e-04
-5.783976120620993797e-04
-5.640323935856667026e-02
-6.447851551117446400e-02
2.420481733210734510e-02
-4.902216746669908060e-02
-2.742451482344334182e-02
-6.141207537365267477e-02
-4.887256456340043076e-02
6.570176411661667049e-02
-2.286997203364826009e-02
-4.983358374333906465e-02
2.583422299680480233e-02
6.046740508320046226e-02
-4.932683231657634254e-02
