2.743429061935660947e-03
8.238083862987400502e-04
3.307330186907818251e-04
-5.058560288055400419e-04
-1.674546345817764029e-03
1.567694197302015313e-01
-3.058762941852559702e-01
-2.252852260715203225e-01
9.116521313565029150e-01
-6.706111248132491653e-02
-2.058005580784374663e-02
-5.229751205789134882e-02
-7.357088491715035872e-02
1.467768871851369075e-02
-4.953238936188032737e-02
-9.801895673395353073e-03
-6.629564878055237143e-02
-5.839877023883499607e-02
6.942710021561371292e-02
-1.347386192211274224e-02
-5.159172808257123100e-02
6.211303440501036305e-03
6.878081434182403697e-02
-4.236828653450794985e-02
