-1.477567179075420407e-02
1.445880298401252574e-02
-7.935051448652714846e-04
7.281823591329909936e-04
3.307041719779549478e-03
-4.461041924994415056e-03
-4.661325156234102061e-03
-4.624678482670618873e-01
8.866125763105128232e-01
-6.579237653661358480e-04
-6.516370762596991259e-04
-6.363614289743203811e-02
-6.544729719956425551e-02
2.428515608299810016e-02
-4.819203161970435356e-02
-2.459053234079839126e-02
-5.860582979184954938e-02
-4.807828820189650326e-02
6.642139398942574491e-02
-2.241773901671385849e-02
-4.920041023413865983e-02
2.325798746460239208e-02
5.712722009680093471e-02
-4.804370189901242816e-02
