3.650219737462892956e-03
-1.144047713118884549e-02
2.372530803388909625e-04
-9.199153124729263762e-05
-1.742629677406351717e-05
6.591632807251076587e-01
3.668495003746701649e-02
7.479747796436931884e-01
6.849607873031661465e-02
-8.511818640545619485e-02
-1.217055523936397092e-02
-2.332944089953610869e-02
-6.871623783662456075e-02
1.421666925953851517e-02
-4.315467145424745077e-02
-1.541955645754217001e-02
-6.660154455677864960e-02
-6.651666464869690487e-02
6.641313578018136210e-02
-1.314920801726314308e-02
-5.698076307980026040e-02
1.307209857421325755e-02
6.753886149268029104e-02
-3.367967418785228206e-02
