2.601414547791564350e-02
-4.947969091931146701e-03
1.502301586754660641e-03
3.301186122780689161e-04
-1.693976665483098564e-03
-1.641646121444218787e-01
1.802901523190907351e-01
-9.657428607797455822e-01
-8.880409871837934010e-02
-3.199051671794691382e-02
4.103858007688985891e-03
-6.462501019721610118e-02
-6.862202111382478820e-02
1.524536936048476177e-02
-4.229623512874584185e-02
-9.704297644761918085e-03
-6.928432941074098850e-02
-5.834916671973938013e-02
6.813462986121585074e-02
-1.165627011930087456e-02
-6.211093775155257513e-02
4.647191963431981931e-03
7.300817564904216184e-02
-4.558392138301368274e-02
