1.700487357392870599e-03
-3.086777489381290450e-03
9.625061152006506851e-04
7.645696905983195152e-04
-7.516133634884384143e-03
-4.188878575266853921e-01
2.566552473224491537e-01
-8.660706376185041133e-01
9.264284912303555330e-02
-4.478890069124083495e-02
1.184160841756636343e-02
-6.393880432182072471e-02
-7.403903136745372537e-02
2.674506145023562709e-02
-5.865900753741642298e-02
-2.170001863859312083e-02
-6.715683076103783067e-02
-5.453677289967186204e-02
7.311866706773094415e-02
-2.618299054374401136e-02
-4.950183115584819854e-02
1.934989165921785145e-02
6.773801374016288901e-02
-5.365503049719323042e-02
