-8.696505231424367724e-03
-1.018185749009507639e-03
6.820848726671977381e-04
3.324573249110257967e-04
-3.689844870059684305e-03
-3.106144641159256370e-01
1.521186846565362183e-01
-8.501634393886419172e-01
3.969895298206445600e-01
-3.250881298327300273e-02
8.813843334533926627e-03
-7.099704679455769163e-02
-6.486521544162555941e-02
2.743275413130554299e-02
-5.485630975648937008e-02
-1.927539844596993374e-02
-6.366156680572698789e-02
-5.594044568596071715e-02
6.467480139629869229e-02
-2.647828177622296025e-02
-4.368229318868812466e-02
1.713747069768184819e-02
6.323296457456414887e-02
-4.426866731800221944e-02
