5.183201692392915699e-03
7.335634288639530411e-03
-7.793620094066634871e-05
8.671872440947492452e-04
3.395350974964114646e-04
-3.591199201795889362e-01
5.198419661212996257e-01
-5.776112703781303148e-01
-5.168775807882458606e-01
-6.677592281993223466e-02
1.947810695859722788e-02
-4.261514255461969214e-02
-6.732631061850583021e-02
2.298499916998583692e-02
-3.961814026633081465e-02
-1.628160863896068941e-02
-7.138845939913456007e-02
-5.219712586430964169e-02
6.571916351900590481e-02
-2.184594353676242232e-02
-6.486520070336120047e-02
1.346047234143600384e-02
7.264124407504435332e-02
-5.209645350657542140e-02
