2.728157366349623532e-03
1.118203514078327122e-03
2.939008523645957223e-04
-4.639042297849075821e-04
-1.564443405254916210e-03
1.772696870320441542e-01
-3.119825479759871234e-01
-1.895883095520114192e-01
9.139467274951986742e-01
-6.775486649127816785e-02
-2.089793488073114422e-02
-5.152168236972428511e-02
-7.382760428004117581e-02
1.448245702284526801e-02
-4.960406100620536746e-02
-1.019945648537643607e-02
-6.590390666912497586e-02
-5.850834217715367852e-02
6.978796398181688621e-02
-1.326977689244262376e-02
-5.152151469211452978e-02
6.622875753545733914e-03
6.822538793032371929e-02
-4.210729454258930332e-02
