5.816284765170168236e-03
6.191487904784838923e-03
1.788411944642554938e-05
9.461684943826477196e-04
-3.720002101383760359e-04
-3.854692645866082401e-01
4.926727895600587215e-01
-6.306928549038731679e-01
-4.592531886218879644e-01
-6.419546531001821266e-02
1.901532759232556213e-02
-4.476662230273589782e-02
-6.877839002860564044e-02
2.472630430423511036e-02
-4.163981114832332464e-02
-1.611992909102976518e-02
-7.136873039899853388e-02
-5.173181508204837548e-02
6.725021557045961218e-02
-2.357049349892225906e-02
-6.414030834762937672e-02
1.316838713166843845e-02
7.240704680951866312e-02
-5.379232167788829122e-02
