5.673699579379382508e-06
-7.708486305150677800e-03
8.563671659569561533e-05
-8.696965919447461387e-04
2.287831942728950680e-05
4.902317130227374919e-01
3.790441908017579409e-01
6.098406613420287448e-01
-4.940574225129604202e-01
-8.669983005923803665e-02
8.744119130678611879e-04
-1.942157050110325175e-02
-6.839155510145596140e-02
1.423544878964024853e-02
-3.790060529571620540e-02
-1.643816600992231355e-02
-6.584227922005121691e-02
-6.457722746046035134e-02
6.638951537214896059e-02
-1.322382507642425389e-02
-6.223030242675436224e-02
1.452071945460162161e-02
6.682910621324378297e-02
-3.557154225132713732e-02
