1.148932000798740666e-02
-8.854432620782953442e-03
1.368500341981882624e-03
-5.164808488447813995e-04
-4.009101150239353234e-03
-1.696003152066782593e-01
-2.655966560034904098e-02
-8.415013690361430321e-01
5.122555642990029856e-01
-4.993331001266942265e-02
-8.314763876114570837e-03
-6.363003146239598617e-02
-7.253730145582275302e-02
8.166194489356728634e-03
-4.876921937387140166e-02
-1.457235078372824157e-02
-6.988894880323838488e-02
-5.700308610838463602e-02
6.989530532864154933e-02
-5.087618812909696503e-03
-5.599119052049549017e-02
9.800864904806182512e-03
7.557277989351798841e-02
-4.682972682569939982e-02
