3.500134066210474400e-03
1.649625437111322881e-03
7.688065255581969220e-05
-3.357371398354056256e-05
-7.521648770702914384e-04
3.625988251072012614e-01
-3.275243476090499706e-01
1.348316638224861530e-01
8.620152644733174441e-01
-7.364136415812351510e-02
-2.237326191541103362e-02
-4.400618403816566188e-02
-7.367369353311577218e-02
1.185963671043678037e-02
-4.986422270468048035e-02
-1.444804017104424528e-02
-6.511636514090493599e-02
-6.039931671513144168e-02
7.022201603664834924e-02
-1.037083083235823544e-02
-5.090473812611399224e-02
1.140903927610142053e-02
6.620109195334947239e-02
-3.970945065735941026e-02
