4.986506705516400434e-03
-3.403493015871161646e-03
8.765116192137164728e-05
3.351448186898001993e-04
-2.288235112346845377e-04
5.687895248253056479e-01
-2.327428567624291456e-01
5.118508850743006544e-01
6.002648669743394505e-01
-8.005134243428760343e-02
-2.042549137393822462e-02
-3.362840907958990905e-02
-6.967756184261666985e-02
1.174868487145989439e-02
-4.819283139573440206e-02
-1.610899959281027194e-02
-6.749915087432210858e-02
-6.425405869738691489e-02
6.676902492265900102e-02
-1.065935329704742647e-02
-5.212405066157892869e-02
1.371347752448084586e-02
6.864463285688274241e-02
-3.611036943026083024e-02
