3.461041157320450708e-03
9.279956952333738573e-03
-2.464849903666807476e-04
5.981985166979992543e-04
1.380994505303975717e-03
-2.733777082893997235e-01
5.771286202542948995e-01
-4.263359572026633182e-01
-6.406440789470377872e-01
-7.269725443513247454e-02
1.982891016437333259e-02
-3.752687935923857548e-02
-6.535399427948539175e-02
1.870912709646000566e-02
-3.625921502309217836e-02
-1.718010683614385956e-02
-7.058822024095887104e-02
-5.391825297597351713e-02
6.355275391473021174e-02
-1.750611154054845797e-02
-6.564888712002049653e-02
1.487517009203589806e-02
7.208081929484534689e-02
-4.792580300854924757e-02
