4.341490738165387580e-04
8.102459862715231942e-03
-3.232127249410968661e-04
-1.933038610975956284e-04
1.267965759954735013e-03
-1.374953879507050634e-02
6.231867799645794959e-01
-3.707177370652434134e-02
-7.810728974011029724e-01
-8.176562302147660777e-02
1.659937724417423141e-02
-2.796755733893636214e-02
-6.653527672564304996e-02
1.416177560611107597e-02
-3.479291098007589872e-02
-1.814565329855657994e-02
-6.721771729550246599e-02
-5.820125637188926226e-02
6.481338099938888098e-02
-1.284672664603024247e-02
-6.508092353905135796e-02
1.626011163649736246e-02
6.834055102677526194e-02
-4.167261765516827587e-02
