3.361606498535715803e-03
1.788979413987322941e-03
9.051264479856639125e-05
-8.148079791375324396e-05
-8.252872715828151167e-04
3.424678772325305820e-01
-3.294680704745540645e-01
9.932849670798966912e-02
8.742427542412630759e-01
-7.302876554353437966e-02
-2.233438128585353913e-02
-4.487405085664633586e-02
-7.390394324277284321e-02
1.212660036397615257e-02
-4.988622256095246593e-02
-1.403677483577974935e-02
-6.498422334306734605e-02
-6.011219562208094253e-02
7.042279578075238966e-02
-1.064920277306075948e-02
-5.094380924708159786e-02
1.090397393684373537e-02
6.614972655415472802e-02
-3.999212157410373530e-02
