6.828127142595051893e-03
2.022288129414304050e-03
4.037330764284607063e-04
1.056414884899779631e-03
-3.493573266683921291e-03
-4.346492735743116009e-01
4.039633073071867697e-01
-7.595228090947593325e-01
-2.664934479411609769e-01
-5.640030672093163805e-02
1.669243250035900433e-02
-5.167540094878527585e-02
-7.414774356607151118e-02
2.828593040455497365e-02
-4.948749130524194434e-02
-1.712108108416648608e-02
-7.023633258725960060e-02
-5.160877179130678866e-02
7.271684878358089521e-02
-2.710469118193604629e-02
-6.017767649799966173e-02
1.433345922896682965e-02
7.064491413096601891e-02
-5.757394812978839510e-02
