1.342124056223033051e-03
9.409625850663294599e-03
-3.350296852397953331e-04
1.062426047154114566e-04
1.547224576400262411e-03
-1.157875606932161489e-01
6.210538991416548749e-01
-1.832411661973185335e-01
-7.531984932010342693e-01
-7.913999173931758613e-02
1.836831384532927602e-02
-3.113870237659354182e-02
-6.571819182889254707e-02
1.496429693760983025e-02
-3.474594262370024611e-02
-1.813534958048501275e-02
-6.837200262192952294e-02
-5.671100225591766547e-02
6.391938664584838337e-02
-1.360757077275833934e-02
-6.540169642696203045e-02
1.625613794463012796e-02
6.962574107117799893e-02
-4.344415088697404365e-02
