-1.723026377877119250e-02
7.913623736060006186e-03
-1.495663467806195577e-04
1.944925823452071522e-04
2.915297845487204408e-03
-1.423638975110576022e-01
6.369582933802461766e-02
-7.461935848974675656e-01
6.472020518109226073e-01
-1.606733978824399431e-02
4.803827305815071280e-03
-7.187736013261573909e-02
-6.254685090716537166e-02
2.861308759127916684e-02
-4.890400487065482693e-02
-1.523317777580399969e-02
-5.764911978239205259e-02
-5.289784956170166114e-02
6.228522717273378417e-02
-2.689132192649126146e-02
-4.438396829973845908e-02
1.470500503156640763e-02
5.623020090504956409e-02
-4.096161916944265208e-02
