3.287647147440550966e-03
-1.176873529928084642e-03
5.469254693997168760e-04
-6.717069154284870244e-04
-2.281162908703097784e-03
5.791275232168825726e-02
-2.638495926297841909e-01
-3.980490988049955048e-01
8.766906070719331368e-01
-6.351443578350966790e-02
-1.858991669033008276e-02
-5.590060828746168387e-02
-7.179624816822711975e-02
1.480227896622796080e-02
-4.916725253870527640e-02
-8.846062965211055201e-03
-6.886555654563347728e-02
-5.807848349723190168e-02
6.723402020868471385e-02
-1.339359199849247430e-02
-5.191977134211051004e-02
5.150688853032062142e-03
7.206279685435450222e-02
-4.371652970225134438e-02
