3.231011314095049228e-03
1.878446947136068121e-03
1.067669531315597082e-04
-1.302721353036492141e-04
-9.031554406239044371e-04
3.221131152389906660e-01
-3.304746078986248170e-01
6.352195407034579022e-02
8.848698412062465657e-01
-7.240435725239474651e-02
-2.226446204594202671e-02
-4.573638109647217703e-02
-7.408795825730403461e-02
1.241832830896173051e-02
-4.989282338562809477e-02
-1.359137365632876078e-02
-6.489604754659544783e-02
-5.984188774409056333e-02
7.057101640321983282e-02
-1.096287702980261805e-02
-5.099700415709997048e-02
1.036925612714876231e-02
6.616155883163514495e-02
-4.026914011335669397e-02
