7.997672583871297605e-03
-6.966595634068508541e-03
1.147016381500346772e-03
-6.814094314192261975e-04
-3.680981430486966657e-03
-1.236034503665724010e-01
-1.044967778986705537e-01
-7.410900823324291231e-01
6.516042513173064821e-01
-5.416909463175287320e-02
-1.176226034543633239e-02
-6.212967863293440696e-02
-7.033531943221908722e-02
9.551287037892307666e-03
-4.903328839174095344e-02
-1.328676292891995368e-02
-7.179813493607020702e-02
-5.770872847289277435e-02
6.692335477583727377e-02
-6.848822819501998449e-03
-5.389223558167938188e-02
8.526076481396353823e-03
7.680308495225322829e-02
-4.616083307235515493e-02
