1.417219228633788582e-02
-9.789352405115090208e-03
1.488748143580200705e-03
-3.625567811992261736e-04
-4.133914214414526750e-03
-1.912017400254044097e-01
2.107704681728364907e-02
-8.872955418087734580e-01
4.191709367250964213e-01
-4.733755686241373356e-02
-6.152259339338517555e-03
-6.427553703831852261e-02
-7.402216375810735660e-02
8.610421726934380793e-03
-4.763963842921867253e-02
-1.445218859010643717e-02
-6.848341536624594217e-02
-5.656997365571335423e-02
7.163237195487393016e-02
-5.229725830053837468e-03
-5.817558322951416755e-02
9.764210181688643894e-03
7.427504639754099747e-02
-4.714874894261009142e-02
