2.480438430890202165e-03
9.719881018151436611e-03
-3.035644966193236632e-04
3.986492687965667082e-04
1.595019538392512684e-03
-2.102219192509467982e-01
6.018332987393049116e-01
-3.254304468315830090e-01
-6.983541003459570184e-01
-7.574590094393611472e-02
1.947518570020253387e-02
-3.467402695432102860e-02
-6.520051888066084878e-02
1.670422859557606915e-02
-3.525825619969778779e-02
-1.771751490316142083e-02
-6.969538838513324175e-02
-5.511888888657047458e-02
6.335687780719466422e-02
-1.541615258751166326e-02
-6.564824697150468957e-02
1.567486203886099549e-02
7.112662995279993294e-02
-4.576979084990265984e-02
