-4.208282600260025100e-04
-5.458578770464544982e-03
2.072710045582499039e-05
-9.159843153979753188e-04
7.418634535310915834e-05
4.316120758255694301e-01
4.348463591215788737e-01
5.422221884806139869e-01
-5.749910940871547638e-01
-8.658915903338954001e-02
3.447356020266096471e-03
-1.970120114000541850e-02
-6.829412287306343976e-02
1.423749177293939447e-02
-3.718859995980750011e-02
-1.660893363548007762e-02
-6.581608294358820554e-02
-6.383438868048661730e-02
6.633378705550366239e-02
-1.322099890268064321e-02
-6.293119335594017649e-02
1.471561799505498140e-02
6.685887404372800602e-02
-3.629179223015450290e-02
