4.240092496229720502e-03
-1.039694572937867323e-02
2.211248666348364909e-04
6.298763660267695744e-05
-3.493929614821208540e-05
6.600384344220899813e-01
-2.626924209225538209e-02
7.280019130529001847e-01
1.835004266939254669e-01
-8.439797413439334428e-02
-1.424546742255564623e-02
-2.497549329039548682e-02
-6.864359914743507762e-02
1.402590666611711230e-02
-4.427476102407754133e-02
-1.535087504977092517e-02
-6.696103392435097390e-02
-6.640508638048212009e-02
6.629011388643930858e-02
-1.294695683733065698e-02
-5.588348231264195221e-02
1.293007752352563072e-02
6.796284663533032344e-02
-3.382433566189133739e-02
