-1.838146245952258090e-02
1.410390238567167664e-02
-5.777016790083532504e-04
4.649767439156968132e-04
4.642793009320367488e-03
-5.788879116790917462e-02
1.615464886898953026e-02
-6.741725442481082409e-01
7.361245110435261640e-01
-6.971646019368773692e-03
1.245579314800607370e-03
-7.059989842747903255e-02
-6.371202200702791307e-02
2.804817761815765753e-02
-4.729064558985558026e-02
-1.610300049280764464e-02
-5.611424834686572910e-02
-4.923941357860819878e-02
6.352160532335264509e-02
-2.588791407888001161e-02
-4.639314603886096622e-02
1.591099105279043108e-02
5.431610801720287290e-02
-4.359314373272132198e-02
