-2.343677223701353079e-04
5.899523527823194273e-03
-2.771688010727621065e-04
-4.717435393500082853e-04
9.046961157686914806e-04
9.148050822676767613e-02
6.079153803729338001e-01
1.079523609334890888e-01
-7.812915554960829789e-01
-8.368919829903181951e-02
1.427237733445619987e-02
-2.522565912384503936e-02
-6.726899746830566906e-02
1.396053271626056941e-02
-3.509845385452126793e-02
-1.785469684840002708e-02
-6.641921450770674196e-02
-5.958150893564637118e-02
6.556455074685957340e-02
-1.276119779182225723e-02
-6.476844774066337074e-02
1.591828152490647186e-02
6.751237775639508387e-02
-4.026700662502664257e-02
