1.617065363513355003e-02
-1.028054133927270089e-02
1.560270539520485248e-03
-2.390246175958083232e-04
-4.176548440647733992e-03
-2.028874385239500810e-01
5.291893815019914349e-02
-9.114004859163306049e-01
3.540980479270143255e-01
-4.557879010763137007e-02
-4.684297200472096849e-03
-6.461591354138661314e-02
-7.473997929322420686e-02
9.440382430469990149e-03
-4.636472581916064456e-02
-1.402020800805104696e-02
-6.766832680845341619e-02
-5.655442448984198539e-02
7.245450152247841225e-02
-5.778615420184415874e-03
-5.999606773660638714e-02
9.352160357125950327e-03
7.341540331682203102e-02
-4.710063782695841222e-02
