2.561709983430382476e-02
-5.765205939698503715e-03
1.538054824250744551e-03
3.100097773449399154e-04
-2.019774146673206355e-03
-1.733401153213380563e-01
1.767358922273359334e-01
-9.673187248853617470e-01
-5.488272319364768254e-02
-3.317078327535660093e-02
3.459219536600300141e-03
-6.472891444660873461e-02
-6.966664846179185244e-02
1.523870892494697676e-02
-4.237499599944916095e-02
-9.716512185980999763e-03
-6.883190064692938648e-02
-5.846679750857959601e-02
6.910916264722626046e-02
-1.145836972203292774e-02
-6.253445292128932687e-02
4.698632333800575184e-03
7.276624045744506386e-02
-4.550718699266047967e-02
