3.804157689619356263e-03
9.007706386197978851e-03
-2.204315438266767156e-04
6.591302897464557369e-04
1.248139858328121575e-03
-2.926238060012640863e-01
5.671415494830065462e-01
-4.584668030820649443e-01
-6.184900657917313804e-01
-7.159054944051457259e-02
1.985292881564082457e-02
-3.851206924796620606e-02
-6.555940979443972139e-02
1.949607109579561820e-02
-3.674703683411983945e-02
-1.698085831131363257e-02
-7.083215479125881675e-02
-5.353333538614810094e-02
6.378821836842960002e-02
-1.831755037746904055e-02
-6.558664405237686623e-02
1.457006763928387835e-02
7.231505908877780553e-02
-4.871584646591592405e-02
