-1.682804821056206254e-02
1.579072968075302674e-02
-7.729031049670754194e-04
6.699191339877518230e-04
4.108428045946326511e-03
-1.236417532471740209e-02
-3.374414226091520131e-03
-5.574963026825295875e-01
8.300804858521128038e-01
-1.652727072477133338e-03
-4.560480877937742256e-04
-6.731097751901904402e-02
-6.551695787930152115e-02
2.565618891123297093e-02
-4.750860007548044633e-02
-2.121994939700323074e-02
-5.674265311959436620e-02
-4.772702558050957028e-02
6.602303143675519737e-02
-2.349916986460946072e-02
-4.843849590663543148e-02
2.036371017110698636e-02
5.497060416379795367e-02
-4.669134008468946856e-02
