3.679655810035121653e-04
-9.004680218088575994e-03
1.245513672908443118e-04
-8.130281851980455205e-04
4.888767007570464789e-06
5.252278499850540072e-01
3.393435050560310584e-01
6.483544925587729768e-01
-4.343019032369315746e-01
-8.669995277132779010e-02
-8.469462704464744652e-04
-1.941840829986623065e-02
-6.846200676831826204e-02
1.422965801946385160e-02
-3.843329240845932276e-02
-1.632592020296484009e-02
-6.586302493452356188e-02
-6.501890677188741641e-02
6.643052399239247896e-02
-1.322297690870406425e-02
-6.169809001912048008e-02
1.437694737357338159e-02
6.681468011597962997e-02
-3.513640145687137173e-02
