2.832253826802784511e-03
1.734965560788067880e-03
1.981720381132032530e-04
-3.264711264760836737e-04
-1.257499292991480716e-03
2.394038279243844158e-01
-3.252537764024865941e-01
-8.128200902729673660e-02
9.112019661521585379e-01
-6.979892130234825742e-02
-2.167113951550924192e-02
-4.910789401329907627e-02
-7.428337938588865097e-02
1.367881801395795516e-02
-4.978626541228157315e-02
-1.161403128588499312e-02
-6.509503470204999753e-02
-5.895533914225402350e-02
7.052662879166600451e-02
-1.237425702499667622e-02
-5.129062396146303465e-02
8.124539671227745327e-03
6.691767993242209167e-02
-4.133131468276464437e-02
