6.347122359511231729e-03
4.888821502610694175e-03
1.309268437786511566e-04
1.005650498704181326e-03
-1.264692219447562539e-03
-4.068950995774149315e-01
4.639177791073061385e-01
-6.788895982186234912e-01
-3.979014772510736098e-01
-6.156553626067237661e-02
1.838230370929381727e-02
-4.699110727089326339e-02
-7.051638350939358479e-02
2.627602974411646572e-02
-4.402424912826485154e-02
-1.618013779382063838e-02
-7.114915739904136005e-02
-5.146223842284796540e-02
6.904533461574381692e-02
-2.509377965754635773e-02
-6.312452414594982297e-02
1.318925177440882432e-02
7.194581358648266534e-02
-5.535637649232442309e-02
