5.062107577487046615e-03
-4.656687129612716892e-03
1.103085247158586146e-04
3.379075080606887098e-04
-1.828344887736160545e-04
5.936088468413823760e-01
-2.049727946193678485e-01
5.614808762618790361e-01
5.388449832834700803e-01
-8.093697140231648213e-02
-1.966814130981684242e-02
-3.200491724110379743e-02
-6.922171346024529048e-02
1.218714060570897512e-02
-4.765889064240987766e-02
-1.595453471859318087e-02
-6.764248329852366737e-02
-6.479301424672091747e-02
6.645351570348370651e-02
-1.113580388176190795e-02
-5.262699130514728735e-02
1.354209477089403542e-02
6.881693748651576681e-02
-3.556904372737437064e-02
