6.709983152383539040e-03
3.477737770676128659e-03
2.605849413235086266e-04
1.043240982388489316e-03
-2.321394284495566056e-03
-4.232878614681202523e-01
4.341682300019897300e-01
-7.218964583208262731e-01
-3.334529020034647795e-01
-5.894776130091768790e-02
1.759832400426691867e-02
-4.929391580675563517e-02
-7.237991283190593761e-02
2.749659529234221855e-02
-4.668743757458240079e-02
-1.651049438549321777e-02
-7.075767258226255130e-02
-5.141918859419607191e-02
7.093904311079796132e-02
-2.629871893915065872e-02
-6.180168270178352380e-02
1.357982879975172703e-02
7.132998182523568598e-02
-5.666134493174797282e-02
