5.478632891972110529e-03
-4.670370323466549629e-03
9.009883601758521699e-04
-7.457004045130975712e-04
-3.177892712827615380e-03
-6.062040318180038356e-02
-1.782310090323393492e-01
-6.137664644026646910e-01
7.667135066711965319e-01
-5.823391891244388691e-02
-1.490509130660606918e-02
-5.998816458546886443e-02
-6.981439589776473886e-02
1.225857738715536646e-02
-4.888953722675516006e-02
-1.088519950941674655e-02
-7.190458741501601359e-02
-5.792879242217715413e-02
6.556674412976988553e-02
-1.005773236132332868e-02
-5.275210670258860535e-02
6.566829795772530926e-03
7.602506893702984381e-02
-4.542802275362758241e-02
