4.341493327819261408e-03
-3.156865465638674338e-03
7.466583370183417067e-04
-7.380798732588439177e-04
-2.804473612254726987e-03
-1.364346385668484783e-02
-2.181491359567563904e-01
-5.260053956590398094e-01
8.219143106874884364e-01
-6.055513513567873513e-02
-1.659570335599003590e-02
-5.838606720109944942e-02
-7.039341058265483064e-02
1.369551361448399958e-02
-4.895027160628578206e-02
-9.605145053855141529e-03
-7.092908386729436521e-02
-5.797987686685154851e-02
6.585180835863864435e-02
-1.186077800418692749e-02
-5.230007617167672235e-02
5.618521181340036322e-03
7.461864298963447051e-02
-4.477283966374264595e-02
