-1.430453302586028215e-02
3.045155744693857271e-03
2.619476324694296979e-04
1.576261926400167432e-04
2.605713921861939168e-05
-2.206491703067817722e-01
1.047879845050707082e-01
-8.017815299951430719e-01
5.454170882040104695e-01
-2.377322094293618168e-02
7.097672353663812828e-03
-7.211766665394833686e-02
-6.270763344498077319e-02
2.853770461715496656e-02
-5.119922309550387074e-02
-1.644193622514822720e-02
-6.024671413442973106e-02
-5.518433070232540982e-02
6.246273474665779701e-02
-2.714311210486798631e-02
-4.353553532888356642e-02
1.519833314640336649e-02
5.917195094317354714e-02
-4.102860886391769546e-02
