4.089869018063975979e-03
6.091358365262666743e-04
4.765198207843885714e-05
1.413604310285169574e-04
-5.100436862884288186e-04
4.398882970690105032e-01
-3.103840830662623063e-01
2.723567472447839810e-01
7.974846765368489576e-01
-7.597158392122013715e-02
-2.222052953848763571e-02
-4.050300230681246061e-02
-7.241074394419234894e-02
1.115088473712812396e-02
-4.960627423977174988e-02
-1.567110872553269252e-02
-6.593792650380493614e-02
-6.167252259523058749e-02
6.906276987635222298e-02
-9.727763034783959081e-03
-5.094011494491072767e-02
1.299389342144911808e-02
6.688792359368150864e-02
-3.852540405397337359e-02
