4.507520698668830358e-03
-6.386780236155346034e-04
4.982859989288683516e-05
2.442786974335305864e-04
-3.791781151164907559e-04
4.930597385125736198e-01
-2.878441655449226477e-01
3.688376589644865589e-01
7.334825232745881829e-01
-7.759438324981401958e-02
-2.178140955648374608e-02
-3.787905034074335459e-02
-7.129970937147757371e-02
1.107866162213987440e-02
-4.921866054431464632e-02
-1.611153877207080129e-02
-6.664742779766689995e-02
-6.268327058831357768e-02
6.807225240578534953e-02
-9.787350606073625531e-03
-5.121026761450681725e-02
1.362322225978706940e-02
6.764580494917726838e-02
-3.760276454089952342e-02
