-7.109679061684831981e-04
2.176847507327109126e-03
-1.853607938413977827e-04
-7.464635266538714991e-04
4.904284800208669149e-04
2.214928969048182983e-01
5.656504966626613173e-01
2.804697044501486825e-01
-7.431804337653422632e-01
-8.528698887493187109e-02
1.076536993634659434e-02
-2.248605358753685488e-02
-6.786224852552823206e-02
1.406153793584783741e-02
-3.565255287473352575e-02
-1.733576855954559529e-02
-6.592483237775988159e-02
-6.120156536187269791e-02
6.607835696568467587e-02
-1.299024622140926462e-02
-6.432640235413530916e-02
1.539266170585123876e-02
6.704377406299411035e-02
-3.875071475000783916e-02
