-1.643745660402057621e-02
6.060022502094308816e-03
-4.956147535912141860e-06
1.551997589794374473e-04
1.955733206926776359e-03
-1.696701470623787067e-01
7.876156023682751028e-02
-7.664830738490953088e-01
6.144203409130705174e-01
-1.879647602668964301e-02
5.757443221610045528e-03
-7.205440953840094864e-02
-6.251141814111597916e-02
2.866521844152384452e-02
-4.958356113117611680e-02
-1.551753797752177151e-02
-5.845035656974954114e-02
-5.388404237438108174e-02
6.224580793036386950e-02
-2.706199109344998091e-02
-4.404427676219484916e-02
1.475652847661898873e-02
5.714289958642887468e-02
-4.069355307901934699e-02
