3.111441293208992188e-03
-7.193225747109783467e-04
4.999490048346188912e-04
-6.453211522098519512e-04
-2.153260482521716316e-03
7.703167384047901467e-02
-2.736964995811100310e-01
-3.644502254741818215e-01
8.867538443639245704e-01
-6.423488745702769787e-02
-1.903679847411921672e-02
-5.522092291082601051e-02
-7.218618732612262778e-02
1.490710261938434089e-02
-4.923621122110830722e-02
-8.873348167677793177e-03
-6.830518200563939768e-02
-5.811870791424984806e-02
6.767948299925097277e-02
-1.357384766142858551e-02
-5.185048898804150291e-02
5.215299235261261490e-03
7.137492313231419416e-02
-4.344238855729888604e-02
