4.499610261118638238e-03
8.283463371207014370e-03
-1.570767374563484002e-04
7.708282810283601828e-04
8.742984561499289424e-04
-3.280663028315106700e-01
5.448428697651570562e-01
-5.200452070608103661e-01
-5.701506211744493680e-01
-6.925398415826532206e-02
1.975920219250015125e-02
-4.053121669682473172e-02
-6.624698522679320356e-02
2.119817987674816120e-02
-3.799030722074841354e-02
-1.659407887338963661e-02
-7.120326173797893177e-02
-5.281351600665413343e-02
6.455300007168386645e-02
-2.005261828620240674e-02
-6.533256330129079414e-02
1.396595461675241220e-02
7.260955878614225312e-02
-5.037682960241185448e-02
