3.860079837703403807e-03
-1.114526348527069069e-02
2.332818656167317270e-04
-3.800008090923536830e-05
-2.208587395899624662e-05
6.605725936484496685e-01
1.539092200969984121e-02
7.429469401345478730e-01
1.069430324283173611e-01
-8.489393246256883574e-02
-1.288141491784605686e-02
-2.385025019169527416e-02
-6.869343038687523995e-02
1.417089519524892746e-02
-4.352835391039439755e-02
-1.538391153371047870e-02
-6.671712473212418337e-02
-6.649819570526802059e-02
6.637410915982462634e-02
-1.309729765837925469e-02
-5.661359398686089534e-02
1.300926561941285683e-02
6.767348231853265172e-02
-3.370801491597448518e-02
