2.797236995737564704e-03
9.636958471223077208e-03
-2.879328810744982117e-04
4.676382217725734880e-04
1.551798866910311832e-03
-2.321154276861571442e-01
5.945193893818465636e-01
-3.597432725971410616e-01
-6.806275792973772720e-01
-7.477639140329485345e-02
1.963966142863003694e-02
-3.560722288714714828e-02
-6.518368707421982877e-02
1.730785609820147813e-02
-3.552155207018652117e-02
-1.755406723898374557e-02
-7.001328792263421252e-02
-5.471483218207660176e-02
6.334579394966256827e-02
-1.604803206445961500e-02
-6.567400951529975273e-02
1.543585960254025696e-02
7.147721701837407571e-02
-4.645009497192807008e-02
