6.388961778311859916e-04
8.518512138901106548e-03
-3.297347280589375579e-04
-1.192502987585084500e-04
1.350923093477087800e-03
-3.972522162710271504e-02
6.242944272875929901e-01
-7.370161501399195847e-02
-7.766894146109261099e-01
-8.117877394052971929e-02
1.709849137203930947e-02
-2.872255870254202675e-02
-6.632814213972193507e-02
1.429161794781193262e-02
-3.474795979278091224e-02
-1.817768387919927592e-02
-6.747684600707656855e-02
-5.783991293101169856e-02
6.459002923338827418e-02
-1.295626164961329735e-02
-6.516105344437608804e-02
1.630286876187294134e-02
6.862269798408462962e-02
-4.207300932762265272e-02
