2.726965996985884766e-02
-1.906504974326552653e-03
1.333387215831211741e-03
4.161810358078950117e-04
-6.036267294183962455e-04
-1.069945024454907606e-01
1.984474812280983824e-01
-9.407736264665954584e-01
-2.532108950767248956e-01
-2.581795716619897027e-02
8.191041660017077050e-03
-6.425745604840062131e-02
-6.319739508245647563e-02
1.337568196100736261e-02
-4.157083362573826824e-02
-1.134252166261101591e-02
-7.060933653717758884e-02
-5.933445729830507526e-02
6.276560196115817114e-02
-1.048158183085599882e-02
-5.981155417242942085e-02
6.605886343718766172e-03
7.344288051949686424e-02
-4.370158978045094594e-02
